date	time	stream flow	gage height
20220219	1700	1430	4.59
20220219	1800	1390	4.54
20220219	1900	1360	4.49
20220219	2000	1320	4.43
20220219	2100	1280	4.37
20220219	2200	1230	4.30
20220219	2300	1190	4.24
20220220	0000	1160	4.19
20220220	0100	1130	4.14
20220220	0200	1110	4.11
20220220	0300	1080	4.07
20220220	0400	1050	4.02
20220220	0500	1020	3.98
20220220	0600	998	3.94
20220220	0700	973	3.90
20220220	0800	943	3.85
20220220	0900	913	3.80
20220220	1000	901	3.78
20220220	1100	889	3.76
20220220	1200	871	3.73
20220220	1300	865	3.72
20220220	1400	860	3.71
20220220	1500	865	3.72
20220220	1600	877	3.74
20220220	1700	883	3.75
20220220	1800	883	3.75
20220220	1900	883	3.75
20220220	2000	865	3.72
20220220	2100	848	3.69
20220220	2200	837	3.67
20220220	2300	819	3.64
20220221	0000	808	3.62
20220221	0100	791	3.59
20220221	0200	780	3.57
20220221	0300	763	3.54
20220221	0400	752	3.52
20220221	0500	741	3.50
20220221	0600	731	3.48
20220221	0700	715	3.45
20220221	0800	704	3.43
20220221	0900	693	3.41
20220221	1000	683	3.39
20220221	1100	678	3.38
20220221	1200	662	3.35
20220221	1300	657	3.34
20220221	1400	657	3.34
20220221	1500	657	3.34
20220221	1600	657	3.34
20220221	1700	662	3.35
20220221	1800	667	3.36
20220221	1900	667	3.36
20220221	2000	667	3.36
20220221	2100	667	3.36
20220221	2200	672	3.37
20220221	2300	678	3.38
20220222	0000	683	3.39
20220222	0100	683	3.39
20220222	0200	672	3.37
20220222	0300	667	3.36
20220222	0400	652	3.33
20220222	0500	647	3.32
20220222	0600	636	3.30
20220222	0700	621	3.27
20220222	0800	616	3.26
20220222	0900	606	3.24
20220222	1000	601	3.23
20220222	1100	596	3.22
20220222	1200	587	3.20
20220222	1300	587	3.20
20220222	1400	582	3.19
20220222	1500	587	3.20
20220222	1600	601	3.23
20220222	1700	636	3.30
20220222	1800	699	3.42
20220222	1900	802	3.61
20220222	2000	986	3.92
20220222	2100	1450	4.62
20220222	2200	2030	5.38
20220222	2300	2370	5.79
20220223	0000	2510	5.94
20220223	0100	2520	5.95
20220223	0200	2500	5.93
20220223	0300	2470	5.90
20220223	0400	2440	5.86
20220223	0500	2400	5.82
20220223	0600	2370	5.79
20220223	0700	2350	5.76
20220223	0800	2350	5.76
20220223	0900	2330	5.74
20220223	1000	2310	5.72
20220223	1100	2290	5.69
20220223	1200	2260	5.66
20220223	1300	2290	5.69
20220223	1400	2320	5.73
20220223	1500	2440	5.86
20220223	1600	2530	5.97
20220223	1700	2590	6.03
20220223	1800	2630	6.08
20220223	1900	2590	6.03
20220223	2000	2530	5.96
20220223	2100	2420	5.84
20220223	2200	2320	5.73
20220223	2300	2230	5.62
20220224	0000	2130	5.51
20220224	0100	2050	5.41
20220224	0200	1980	5.32
20220224	0300	1910	5.24
20220224	0400	1850	5.16
20220224	0500	1800	5.09
20220224	0600	1730	5.01
20220224	0700	1700	4.96
20220224	0800	1640	4.88
20220224	0900	1600	4.83
20220224	1000	1560	4.78
20220224	1100	1510	4.71
20220224	1200	1480	4.67
20220224	1300	1450	4.62
20220224	1400	1420	4.58
20220224	1500	1380	4.53
20220224	1600	1360	4.50
20220224	1700	1340	4.47
20220224	1800	1320	4.43
20220224	1900	1300	4.41
20220224	2000	1280	4.37
20220224	2100	1250	4.33
20220224	2200	1240	4.31
20220224	2300	1210	4.27
20220225	0000	1200	4.25
20220225	0100	1180	4.23
20220225	0200	1170	4.21
20220225	0300	1160	4.20
20220225	0400	1160	4.20
20220225	0500	1160	4.20
20220225	0600	1180	4.22
20220225	0700	1160	4.20
20220225	0800	1150	4.18
20220225	0900	1120	4.13
20220225	1000	1090	4.08
20220225	1100	1060	4.04
20220225	1200	1040	4.00
20220225	1300	1020	3.98
20220225	1400	1000	3.95
20220225	1500	992	3.93
20220225	1600	973	3.90
20220225	1700	961	3.88
20220225	1800	949	3.86
20220225	1900	937	3.84
20220225	2000	925	3.82
20220225	2100	907	3.79
20220225	2200	889	3.76
20220225	2300	877	3.74
20220226	0000	865	3.72
20220226	0100	842	3.68
20220226	0200	831	3.66
20220226	0300	819	3.64
20220226	0400	802	3.61
20220226	0500	797	3.60
20220226	0600	780	3.57
20220226	0700	769	3.55
20220226	0800	758	3.53
20220226	0900	747	3.51
20220226	1000	731	3.48
20220226	1100	731	3.48
20220226	1200	720	3.46
20220226	1300	709	3.44
20220226	1400	699	3.42
20220226	1500	693	3.41
20220226	1600	688	3.40
20220226	1700	683	3.39
20220226	1800	678	3.38
20220226	1900	672	3.37
20220226	2000	672	3.37
20220226	2100	662	3.35
20220226	2200	662	3.35
20220226	2300	652	3.33
20220227	0000	647	3.32
20220227	0100	636	3.30
20220227	0200	631	3.29
20220227	0300	626	3.28
20220227	0400	621	3.27
20220227	0500	611	3.25
20220227	0600	606	3.24
20220227	0700	601	3.23
20220227	0800	591	3.21
20220227	0900	582	3.19
20220227	1000	572	3.17
20220227	1100	572	3.17
20220227	1200	562	3.15
20220227	1300	558	3.14
20220227	1400	548	3.12
20220227	1500	553	3.13
20220227	1600	562	3.15
20220227	1700	567	3.16
20220227	1800	572	3.17
20220227	1900	572	3.17
20220227	2000	572	3.17
20220227	2100	567	3.16
20220227	2200	567	3.16
20220227	2300	567	3.16
20220228	0000	562	3.15
20220228	0100	558	3.14
20220228	0200	548	3.12
20220228	0300	543	3.11
20220228	0400	539	3.10
20220228	0500	529	3.08
20220228	0600	525	3.07
20220228	0701	515	3.05
20220228	0800	511	3.04
20220228	0900	502	3.02
20220228	1000	492	3.00
20220228	1100	488	2.99
20220228	1200	484	2.98
20220228	1300	475	2.96
20220228	1400	466	2.94
20220228	1500	461	2.93
20220228	1600	461	2.93
20220228	1700	457	2.92
20220228	1800	461	2.93
20220228	1900	461	2.93
20220228	2000	466	2.94
20220228	2100	470	2.95
20220228	2200	466	2.94
20220228	2300	461	2.93
20220301	0000	461	2.93
20220301	0100	457	2.92
20220301	0200	453	2.91
20220301	0300	448	2.90
20220301	0400	448	2.90
20220301	0500	440	2.88
20220301	0600	440	2.88
20220301	0700	431	2.86
20220301	0800	431	2.86
20220301	0900	427	2.85
20220301	1000	427	2.85
20220301	1100	418	2.83
20220301	1200	418	2.83
20220301	1300	414	2.82
20220301	1400	414	2.82
20220301	1500	414	2.82
20220301	1600	414	2.82
20220301	1700	410	2.81
20220301	1801	414	2.82
20220301	1900	414	2.82
20220301	2000	418	2.83
20220301	2100	418	2.83
20220301	2200	423	2.84
20220301	2300	427	2.85
20220302	0000	431	2.86
20220302	0100	440	2.88
20220302	0200	448	2.90
20220302	0300	444	2.89
20220302	0400	448	2.90
20220302	0500	444	2.89
20220302	0600	440	2.88
20220302	0700	435	2.87
20220302	0800	435	2.87
20220302	0900	431	2.86
20220302	1000	423	2.84
20220302	1100	418	2.83
20220302	1200	414	2.82
20220302	1300	414	2.82
20220302	1400	406	2.80
20220302	1500	406	2.80
20220302	1600	406	2.80
20220302	1700	406	2.80
20220302	1800	406	2.80
20220302	1900	410	2.81
20220302	2000	414	2.82
20220302	2100	423	2.84
20220302	2200	435	2.87
20220302	2300	457	2.92
20220303	0000	470	2.95
20220303	0100	475	2.96
20220303	0200	470	2.95
20220303	0300	461	2.93
20220303	0400	461	2.93
20220303	0500	453	2.91
20220303	0600	444	2.89
20220303	0700	444	2.89
20220303	0800	440	2.88
20220303	0900	435	2.87
20220303	1000	431	2.86
20220303	1100	427	2.85
20220303	1200	423	2.84
20220303	1300	418	2.83
20220303	1400	414	2.82
20220303	1500	410	2.81
20220303	1600	402	2.79
20220303	1700	397	2.78
20220303	1800	393	2.77
20220303	1900	393	2.77
20220303	2000	388	2.76
20220303	2100	388	2.76
20220303	2200	384	2.75
20220303	2300	384	2.75
20220304	0000	380	2.74
20220304	0100	376	2.73
20220304	0200	371	2.72
20220304	0300	367	2.71
20220304	0400	359	2.69
20220304	0500	350	2.67
20220304	0600	342	2.65
20220304	0700	334	2.63
20220304	0800	322	2.60
20220304	0900	310	2.57
20220304	1000	302	2.55
20220304	1100	295	2.53
20220304	1200	295	2.53
20220304	1300	298	2.54
20220304	1400	298	2.54
20220304	1500	298	2.54
20220304	1600	298	2.54
20220304	1700	302	2.55
20220304	1800	310	2.57
20220304	1900	314	2.58
20220304	2000	334	2.63
20220304	2100	350	2.67
20220304	2200	354	2.68
20220304	2300	346	2.66
20220305	0000	338	2.64
20220305	0100	334	2.63
20220305	0200	326	2.61
20220305	0300	322	2.60
20220305	0400	314	2.58
20220305	0500	310	2.57
20220305	0600	302	2.55
20220305	0700	298	2.54
20220305	0800	295	2.53
20220305	0900	291	2.52
20220305	1000	287	2.51
20220305	1100	283	2.50
20220305	1200	283	2.50
20220305	1300	283	2.50
20220305	1400	287	2.51
20220305	1500	283	2.50
20220305	1600	287	2.51
20220305	1700	291	2.52
20220305	1800	298	2.54
20220305	1900	306	2.56
20220305	2000	310	2.57
20220305	2100	314	2.58
20220305	2200	314	2.58
20220305	2300	310	2.57
20220306	0000	306	2.56
20220306	0100	302	2.55
20220306	0200	302	2.55
20220306	0300	302	2.55
20220306	0400	298	2.54
20220306	0500	298	2.54
20220306	0600	295	2.53
20220306	0700	295	2.53
20220306	0800	295	2.53
20220306	0900	295	2.53
20220306	1000	295	2.53
20220306	1100	295	2.53
20220306	1200	298	2.54
20220306	1300	298	2.54
20220306	1400	298	2.54
20220306	1500	306	2.56
20220306	1600	314	2.58
20220306	1700	322	2.60
20220306	1800	342	2.65
20220306	1900	359	2.69
20220306	2000	384	2.75
20220306	2100	427	2.85
20220306	2200	484	2.98
20220306	2300	543	3.11
20220307	0000	577	3.18
20220307	0100	596	3.22
20220307	0200	611	3.25
20220307	0300	611	3.25
20220307	0400	621	3.27
20220307	0500	621	3.27
20220307	0600	626	3.28
20220307	0700	621	3.27
20220307	0800	616	3.26
20220307	0900	611	3.25
20220307	1000	616	3.26
20220307	1100	626	3.28
20220307	1200	641	3.31
20220307	1300	672	3.37
20220307	1400	720	3.46
20220307	1500	819	3.64
20220307	1600	1110	4.11
20220307	1700	1200	4.25
20220307	1800	1210	4.27
20220307	1900	1240	4.32
20220307	2000	1310	4.42
20220307	2100	1420	4.58
20220307	2200	1530	4.73
20220307	2300	1710	4.98
20220308	0000	1890	5.21
20220308	0100	1830	5.14
20220308	0200	1720	4.99
20220308	0300	1610	4.85
20220308	0400	1520	4.72
20220308	0500	1450	4.62
20220308	0600	1380	4.53
20220308	0700	1330	4.45
20220308	0800	1280	4.37
20220308	0900	1240	4.31
20220308	1000	1190	4.24
20220308	1100	1160	4.19
20220308	1200	1130	4.14
20220308	1300	1100	4.10
20220308	1400	1070	4.06
20220308	1500	1050	4.03
20220308	1600	1040	4.00
20220308	1700	1020	3.97
20220308	1800	1000	3.95
20220308	1900	998	3.94
20220308	2000	986	3.92
20220308	2100	973	3.90
20220308	2200	955	3.87
20220308	2300	949	3.86
20220309	0000	931	3.83
20220309	0100	919	3.81
20220309	0200	907	3.79
20220309	0300	889	3.76
20220309	0400	883	3.75
20220309	0500	871	3.73
20220309	0600	860	3.71
20220309	0700	854	3.70
20220309	0800	842	3.68
20220309	0900	831	3.66
20220309	1000	831	3.66
20220309	1100	825	3.65
20220309	1200	825	3.65
20220309	1300	825	3.65
20220309	1400	825	3.65
20220309	1500	819	3.64
20220309	1600	819	3.64
20220309	1700	808	3.62
20220309	1800	802	3.61
20220309	1901	791	3.59
20220309	2000	780	3.57
20220309	2100	774	3.56
20220309	2200	763	3.54
20220309	2300	758	3.53
20220310	0000	747	3.51
20220310	0100	736	3.49
20220310	0200	731	3.48
20220310	0300	720	3.46
20220310	0400	709	3.44
20220310	0500	704	3.43
20220310	0600	693	3.41
20220310	0700	688	3.40
20220310	0800	683	3.39
20220310	0900	667	3.36
20220310	1000	662	3.35
20220310	1100	652	3.33
20220310	1201	647	3.32
20220310	1300	641	3.31
20220310	1400	636	3.30
20220310	1500	641	3.31
20220310	1600	652	3.33
20220310	1700	662	3.35
20220310	1800	672	3.37
20220310	1900	678	3.38
20220310	2000	693	3.41
20220310	2100	704	3.43
20220310	2200	725	3.47
20220310	2300	736	3.49
20220311	0000	741	3.50
20220311	0100	731	3.48
20220311	0200	720	3.46
20220311	0300	704	3.43
20220311	0400	693	3.41
20220311	0500	678	3.38
20220311	0600	667	3.36
20220311	0700	657	3.34
20220311	0800	657	3.34
20220311	0900	657	3.34
20220311	1000	657	3.34
20220311	1100	657	3.34
20220311	1200	652	3.33
20220311	1300	641	3.31
20220311	1400	631	3.29
20220311	1500	606	3.24
20220311	1600	601	3.23
20220311	1700	601	3.23
20220311	1800	606	3.24
20220311	1900	611	3.25
20220311	2000	626	3.28
20220311	2100	652	3.33
20220311	2200	678	3.38
20220311	2300	693	3.41
20220312	0000	693	3.41
20220312	0100	693	3.41
20220312	0200	688	3.40
20220312	0300	683	3.39
20220312	0400	678	3.38
20220312	0500	683	3.39
20220312	0600	683	3.39
20220312	0700	688	3.40
20220312	0800	688	3.40
20220312	0900	699	3.42
20220312	1000	699	3.42
20220312	1100	699	3.42
20220312	1200	693	3.41
20220312	1300	683	3.39
20220312	1400	662	3.35
20220312	1500	652	3.33
20220312	1600	636	3.30
20220312	1700	631	3.29
20220312	1800	626	3.28
20220312	1900	621	3.27
20220312	2000	611	3.25
20220312	2100	611	3.25
20220312	2200	606	3.24
20220312	2300	601	3.23
20220313	0000	587	3.20
20220313	0100	582	3.19
20220313	0200	572	3.17
20220313	0300	562	3.15
20220313	0400	558	3.14
20220313	0500	548	3.12
20220313	0601	543	3.11
20220313	0700	534	3.09
20220313	0800	520	3.06
20220313	0901	520	3.06
20220313	1000	520	3.06
20220313	1101	515	3.05
20220313	1200	515	3.05
20220313	1301	511	3.04
20220313	1401	506	3.03
20220313	1500	511	3.04
20220313	1600	520	3.06
20220313	1700	525	3.07
20220313	1800	529	3.08
20220313	1900	534	3.09
20220313	2000	529	3.08
20220313	2101	529	3.08
20220313	2201	525	3.07
20220313	2301	520	3.06
20220314	0001	506	3.03
20220314	0101	497	3.01
20220314	0200	497	3.01
20220314	0301	492	3.00
20220314	0400	488	2.99
20220314	0501	484	2.98
20220314	0600	484	2.98
20220314	0700	475	2.96
20220314	0800	475	2.96
20220314	0901	470	2.95
20220314	1001	466	2.94
20220314	1101	461	2.93
20220314	1200	457	2.92
20220314	1300	457	2.92
20220314	1401	457	2.92
20220314	1501	461	2.93
20220314	1601	470	2.95
20220314	1700	475	2.96
20220314	1800	484	2.98
20220314	1900	492	3.00
20220314	2000	497	3.01
20220314	2100	506	3.03
20220314	2200	515	3.05
20220314	2300	529	3.08
20220315	0000	534	3.09
20220315	0100	539	3.10
20220315	0200	543	3.11
20220315	0300	539	3.10
20220315	0400	534	3.09
20220315	0500	529	3.08
20220315	0600	525	3.07
20220315	0700	520	3.06
20220315	0800	511	3.04
20220315	0900	506	3.03
20220315	1000	502	3.02
20220315	1100	502	3.02
20220315	1200	492	3.00
20220315	1300	492	3.00
20220315	1400	492	3.00
20220315	1500	492	3.00
20220315	1600	497	3.01
20220315	1700	506	3.03
20220315	1800	529	3.08
20220315	1900	548	3.12
20220315	2000	626	3.28
20220315	2100	725	3.47
20220315	2200	763	3.54
20220315	2300	774	3.56
20220316	0000	774	3.56
20220316	0100	769	3.55
20220316	0200	752	3.52
20220316	0300	741	3.50
20220316	0400	725	3.47
20220316	0500	715	3.45
20220316	0600	704	3.43
20220316	0700	693	3.41
20220316	0800	678	3.38
20220316	0900	667	3.36
20220316	1000	657	3.34
20220316	1100	647	3.32
20220316	1200	636	3.30
20220316	1300	636	3.30
20220316	1400	626	3.28
20220316	1500	626	3.28
20220316	1600	626	3.28
20220316	1700	631	3.29
20220316	1800	647	3.32
20220316	1900	667	3.36
20220316	2001	693	3.41
20220316	2100	715	3.45
20220316	2200	731	3.48
20220316	2300	736	3.49
20220317	0000	741	3.50
20220317	0100	741	3.50
20220317	0200	736	3.49
20220317	0300	725	3.47
20220317	0400	720	3.46
20220317	0500	715	3.45
20220317	0600	709	3.44
20220317	0700	709	3.44
20220317	0800	699	3.42
20220317	0900	699	3.42
20220317	1000	693	3.41
20220317	1100	688	3.40
20220317	1200	688	3.40
20220317	1300	693	3.41
20220317	1400	693	3.41
20220317	1500	699	3.42
20220317	1600	709	3.44
20220317	1700	715	3.45
20220317	1800	731	3.48
20220317	1900	736	3.49
20220317	2000	747	3.51
20220317	2100	752	3.52
20220317	2200	758	3.53
20220317	2300	758	3.53
20220318	0000	763	3.54
20220318	0100	758	3.53
20220318	0200	752	3.52
20220318	0300	747	3.51
20220318	0400	736	3.49
20220318	0500	731	3.48
20220318	0600	725	3.47
20220318	0700	715	3.45
20220318	0800	715	3.45
20220318	0900	704	3.43
20220318	1000	704	3.43
20220318	1100	699	3.42
20220318	1200	693	3.41
20220318	1300	693	3.41
20220318	1400	688	3.40
20220318	1500	688	3.40
20220318	1600	683	3.39
20220318	1700	683	3.39
20220318	1800	688	3.40
20220318	1900	693	3.41
20220318	2000	693	3.41
20220318	2100	693	3.41
20220318	2200	699	3.42
20220318	2300	699	3.42
20220319	0000	704	3.43
20220319	0100	709	3.44
20220319	0200	715	3.45
20220319	0300	725	3.47
20220319	0400	736	3.49
20220319	0500	741	3.50
20220319	0600	752	3.52
20220319	0700	774	3.56
20220319	0800	786	3.58
20220319	0900	786	3.58
20220319	1000	780	3.57
20220319	1100	774	3.56
20220319	1200	769	3.55
20220319	1300	763	3.54
20220319	1400	758	3.53
20220319	1500	758	3.53
20220319	1600	758	3.53
20220319	1700	769	3.55
20220319	1800	780	3.57
20220319	1900	797	3.60
20220319	2000	802	3.61
20220319	2100	831	3.66
20220319	2200	961	3.88
20220319	2300	961	3.88
20220320	0000	937	3.84
20220320	0100	913	3.80
20220320	0200	883	3.75
20220320	0300	865	3.72
20220320	0400	842	3.68
20220320	0500	825	3.65
20220320	0600	814	3.63
20220320	0700	797	3.60
20220320	0800	791	3.59
20220320	0900	780	3.57
20220320	1000	769	3.55
20220320	1100	758	3.53
20220320	1200	752	3.52
20220320	1300	741	3.50
20220320	1400	731	3.48
20220320	1500	720	3.46
20220320	1600	715	3.45
20220320	1700	709	3.44
20220320	1800	704	3.43
20220320	1900	699	3.42
20220320	2000	693	3.41
20220320	2100	688	3.40
20220320	2200	683	3.39
20220320	2300	672	3.37
20220321	0000	672	3.37
20220321	0100	667	3.36
20220321	0200	657	3.34
20220321	0300	652	3.33
20220321	0400	647	3.32
20220321	0500	636	3.30
20220321	0600	631	3.29
20220321	0700	626	3.28
20220321	0800	621	3.27
20220321	0900	616	3.26
20220321	1000	606	3.24
20220321	1100	606	3.24
20220321	1200	596	3.22
20220321	1300	596	3.22
20220321	1400	587	3.20
20220321	1500	587	3.20
20220321	1600	582	3.19
20220321	1700	572	3.17
20220321	1800	572	3.17
20220321	1900	562	3.15
20220321	2000	562	3.15
20220321	2100	558	3.14
20220321	2200	553	3.13
20220321	2300	548	3.12
20220322	0000	543	3.11
20220322	0100	539	3.10
20220322	0200	539	3.10
20220322	0300	539	3.09
20220322	0400	529	3.08
20220322	0500	529	3.08
20220322	0600	525	3.07
20220322	0700	520	3.06
20220322	0800	520	3.06
20220322	0900	515	3.05
20220322	1000	511	3.04
20220322	1100	506	3.03
20220322	1200	502	3.02
20220322	1300	502	3.02
20220322	1400	497	3.01
20220322	1500	492	3.00
20220322	1600	488	2.99
20220322	1700	484	2.98
20220322	1800	484	2.98
20220322	1900	479	2.97
20220322	2000	479	2.97
20220322	2100	475	2.96
20220322	2200	470	2.95
20220322	2300	466	2.94
20220323	0000	461	2.93
20220323	0100	461	2.93
20220323	0200	457	2.92
20220323	0300	453	2.91
20220323	0400	457	2.92
20220323	0500	448	2.90
20220323	0600	448	2.90
20220323	0700	444	2.89
20220323	0800	444	2.89
20220323	0900	444	2.89
20220323	1000	440	2.88
20220323	1100	440	2.88
20220323	1200	440	2.88
20220323	1300	440	2.88
20220323	1400	435	2.87
20220323	1500	435	2.87
20220323	1600	435	2.87
20220323	1700	431	2.86
20220323	1800	431	2.86
20220323	1900	423	2.84
20220323	2000	423	2.84
20220323	2100	423	2.84
20220323	2200	423	2.84
20220323	2300	423	2.84
20220324	0000	418	2.83
20220324	0100	418	2.83
20220324	0200	418	2.83
20220324	0300	418	2.83
20220324	0400	418	2.83
20220324	0500	418	2.83
20220324	0600	427	2.85
20220324	0700	427	2.85
20220324	0800	427	2.85
20220324	0900	427	2.85
20220324	1000	431	2.86
20220324	1100	431	2.86
20220324	1200	435	2.87
20220324	1300	435	2.87
20220324	1400	435	2.87
20220324	1500	431	2.86
20220324	1600	431	2.86
20220324	1700	427	2.85
20220324	1800	423	2.84
20220324	1900	423	2.84
20220324	2000	418	2.83
20220324	2100	418	2.83
20220324	2200	423	2.84
20220324	2300	427	2.85
20220325	0000	440	2.88
20220325	0100	444	2.89
20220325	0200	448	2.90
20220325	0300	453	2.91
20220325	0400	466	2.94
20220325	0500	488	2.99
20220325	0600	511	3.04
20220325	0700	520	3.06
20220325	0800	525	3.07
20220325	0900	515	3.05
20220325	1000	506	3.03
20220325	1100	502	3.02
20220325	1200	497	3.01
20220325	1300	484	2.98
20220325	1400	479	2.97
20220325	1500	475	2.96
20220325	1600	466	2.94
20220325	1700	466	2.94
20220325	1800	457	2.92
20220325	1900	453	2.91
20220325	2000	448	2.90
20220325	2100	448	2.90
20220325	2200	440	2.88
20220325	2300	435	2.87
20220326	0000	435	2.87
20220326	0100	431	2.86
20220326	0200	427	2.85
20220326	0300	427	2.85
20220326	0400	423	2.84
20220326	0500	418	2.83
20220326	0600	418	2.83
20220326	0700	418	2.83
20220326	0800	414	2.82
20220326	0900	414	2.82
20220326	1000	414	2.82
20220326	1100	410	2.81
20220326	1200	410	2.81
20220326	1300	410	2.81
20220326	1400	410	2.81
20220326	1500	410	2.81
20220326	1600	410	2.81
20220326	1700	410	2.81
20220326	1800	406	2.80
20220326	1900	406	2.80
20220326	2000	406	2.80
20220326	2100	402	2.79
20220326	2200	402	2.79
20220326	2300	397	2.78
20220327	0000	397	2.78
20220327	0100	393	2.77
20220327	0200	393	2.77
20220327	0300	388	2.76
20220327	0400	388	2.76
20220327	0500	388	2.76
20220327	0600	384	2.75
20220327	0700	384	2.75
20220327	0800	380	2.74
20220327	0900	376	2.73
20220327	1000	376	2.73
20220327	1100	371	2.72
20220327	1200	371	2.72
20220327	1300	367	2.71
20220327	1400	363	2.70
20220327	1500	363	2.70
20220327	1600	359	2.69
20220327	1700	354	2.68
20220327	1800	354	2.68
20220327	1900	350	2.67
20220327	2000	350	2.67
20220327	2100	350	2.67
20220327	2200	350	2.67
20220327	2300	346	2.66
20220328	0000	342	2.65
20220328	0100	342	2.65
20220328	0200	338	2.64
20220328	0300	334	2.63
20220328	0400	334	2.63
20220328	0500	330	2.62
20220328	0600	326	2.61
20220328	0700	326	2.61
20220328	0800	322	2.60
20220328	0900	322	2.60
20220328	1000	314	2.58
20220328	1100	314	2.58
20220328	1200	310	2.57
20220328	1300	310	2.57
20220328	1400	306	2.56
20220328	1500	306	2.56
20220328	1600	306	2.56
20220328	1700	306	2.56
20220328	1800	302	2.55
20220328	1900	302	2.55
20220328	2000	302	2.55
20220328	2100	302	2.55
20220328	2200	302	2.55
20220328	2300	302	2.55
20220329	0000	298	2.54
20220329	0100	295	2.53
20220329	0200	295	2.53
20220329	0300	291	2.52
20220329	0400	287	2.51
20220329	0500	283	2.50
20220329	0600	283	2.50
20220329	0700	279	2.49
20220329	0800	276	2.48
20220329	0900	276	2.48
20220329	1000	272	2.47
20220329	1100	272	2.47
20220329	1200	268	2.46
20220329	1300	265	2.45
20220329	1400	268	2.46
20220329	1500	265	2.45
20220329	1600	268	2.46
20220329	1700	272	2.47
20220329	1800	276	2.48
20220329	1900	283	2.50
20220329	2000	283	2.50
20220329	2100	283	2.50
20220329	2200	283	2.50
20220329	2300	283	2.50
20220330	0000	279	2.49
20220330	0100	279	2.49
20220330	0200	276	2.48
20220330	0300	276	2.48
20220330	0400	276	2.48
20220330	0500	272	2.47
20220330	0600	272	2.47
20220330	0700	268	2.46
20220330	0800	265	2.45
20220330	0900	265	2.45
20220330	1000	261	2.44
20220330	1100	257	2.43
20220330	1200	257	2.43
20220330	1300	254	2.42
20220330	1400	254	2.42
20220330	1500	254	2.42
20220330	1600	257	2.43
20220330	1700	261	2.44
20220330	1800	265	2.45
20220330	1900	268	2.46
20220330	2000	268	2.46
20220330	2100	265	2.45
20220330	2200	261	2.44
20220330	2300	261	2.44
20220331	0000	265	2.45
20220331	0100	265	2.45
20220331	0200	261	2.44
20220331	0300	261	2.44
20220331	0400	261	2.44
20220331	0500	261	2.44
20220331	0600	261	2.44
20220331	0700	261	2.44
20220331	0800	261	2.44
20220331	0900	261	2.44
20220331	1000	261	2.44
20220331	1100	265	2.45
20220331	1200	265	2.45
20220331	1300	268	2.46
20220331	1400	272	2.47
20220331	1500	276	2.48
20220331	1600	279	2.49
20220331	1700	291	2.52
20220331	1800	295	2.53
20220331	1900	306	2.56
20220331	2000	318	2.59
20220331	2100	350	2.67
20220331	2200	444	2.89
20220331	2300	548	3.12
20220401	0000	582	3.19
20220401	0100	587	3.20
20220401	0200	572	3.17
20220401	0300	558	3.14
20220401	0400	539	3.10
20220401	0500	525	3.07
20220401	0600	506	3.03
20220401	0700	497	3.01
20220401	0800	484	2.98
20220401	0900	475	2.96
20220401	1000	466	2.94
20220401	1100	461	2.93
20220401	1200	448	2.90
20220401	1300	444	2.89
20220401	1400	435	2.87
20220401	1500	427	2.85
20220401	1600	423	2.84
20220401	1700	414	2.82
20220401	1800	414	2.82
20220401	1900	406	2.80
20220401	2000	406	2.80
20220401	2101	402	2.79
20220401	2200	397	2.78
20220401	2300	393	2.77
20220402	0000	388	2.76
20220402	0100	384	2.75
20220402	0200	380	2.74
20220402	0300	376	2.73
20220402	0400	371	2.72
20220402	0500	367	2.71
20220402	0600	367	2.71
20220402	0700	363	2.70
20220402	0800	359	2.69
20220402	0900	359	2.69
20220402	1000	359	2.69
20220402	1100	354	2.68
20220402	1200	350	2.67
20220402	1300	350	2.67
20220402	1400	346	2.66
20220402	1500	350	2.67
20220402	1600	346	2.66
20220402	1700	342	2.65
20220402	1800	342	2.65
20220402	1900	338	2.64
20220402	2000	338	2.64
20220402	2100	338	2.64
20220402	2200	338	2.64
20220402	2300	338	2.64
20220403	0000	338	2.64
20220403	0100	338	2.64
20220403	0200	338	2.64
20220403	0300	338	2.64
20220403	0400	334	2.63
20220403	0500	334	2.63
20220403	0600	334	2.63
20220403	0700	334	2.63
20220403	0800	334	2.63
20220403	0900	334	2.63
20220403	1000	334	2.63
20220403	1100	330	2.62
20220403	1200	334	2.63
20220403	1300	334	2.63
20220403	1400	334	2.63
20220403	1500	334	2.63
20220403	1600	334	2.63
20220403	1700	334	2.63
20220403	1800	334	2.63
20220403	1900	330	2.62
20220403	2000	334	2.63
20220403	2100	330	2.62
20220403	2200	330	2.62
20220403	2300	330	2.62
20220404	0000	330	2.62
20220404	0100	326	2.61
20220404	0200	326	2.61
20220404	0300	322	2.60
20220404	0400	322	2.60
20220404	0500	322	2.60
20220404	0600	318	2.59
20220404	0700	318	2.59
20220404	0800	318	2.59
20220404	0900	314	2.58
20220404	1000	314	2.58
20220404	1100	314	2.58
20220404	1200	314	2.58
20220404	1300	314	2.58
20220404	1400	310	2.57
20220404	1500	310	2.57
20220404	1600	310	2.57
20220404	1700	310	2.57
20220404	1800	306	2.56
20220404	1900	306	2.56
20220404	2000	306	2.56
20220404	2100	306	2.56
20220404	2200	302	2.55
20220404	2300	302	2.55
20220405	0000	302	2.55
20220405	0100	298	2.54
20220405	0200	298	2.54
20220405	0300	298	2.54
20220405	0400	298	2.54
20220405	0500	298	2.54
20220405	0600	295	2.53
20220405	0700	295	2.53
20220405	0800	295	2.53
20220405	0900	295	2.53
20220405	1000	291	2.52
20220405	1100	291	2.52
20220405	1200	295	2.53
20220405	1300	295	2.53
20220405	1400	295	2.53
20220405	1500	291	2.52
20220405	1600	291	2.52
20220405	1700	291	2.52
20220405	1800	287	2.51
20220405	1900	287	2.51
20220405	2000	283	2.50
20220405	2100	283	2.50
20220405	2200	283	2.50
20220405	2300	283	2.50
20220406	0000	283	2.50
20220412	1020	457	2.92
20220412	1120	461	2.93
20220412	1220	461	2.93
20220412	1320	461	2.93
20220412	1420	466	2.94
20220412	1520	475	2.96
20220412	1620	470	2.95
20220412	1720	470	2.95
20220412	1820	470	2.95
20220412	1920	466	2.94
20220412	2020	457	2.92
20220412	2120	453	2.91
20220412	2220	448	2.90
20220412	2320	444	2.89
20220413	0020	440	2.88
20220413	0120	435	2.87
20220413	0220	431	2.86
20220413	0320	423	2.84
20220413	0420	423	2.84
20220413	0520	418	2.83
20220413	0620	418	2.83
20220413	0720	414	2.82
20220413	0820	410	2.81
20220413	0920	410	2.81
20220413	1020	406	2.80
20220413	1120	406	2.80
20220413	1220	402	2.79
20220413	1320	402	2.79
20220413	1420	397	2.78
20220413	1520	397	2.78
20220413	1620	397	2.78
20220413	1720	393	2.77
20220413	1820	393	2.77
20220413	1920	388	2.76
20220413	2020	384	2.75
20220413	2120	384	2.75
20220413	2220	384	2.75
20220413	2320	380	2.74
20220414	0020	380	2.74
20220414	0120	380	2.74
20220414	0220	376	2.73
20220414	0320	376	2.73
20220414	0420	371	2.72
20220414	0520	371	2.72
20220414	0620	367	2.71
20220414	0720	367	2.71
20220414	0820	363	2.70
20220414	0920	363	2.70
20220414	1020	363	2.70
20220414	1120	363	2.70
20220414	1220	363	2.70
20220414	1320	359	2.69
20220414	1420	359	2.69
20220414	1520	359	2.69
20220414	1620	359	2.69
20220414	1720	354	2.68
20220414	1820	354	2.68
20220414	1920	350	2.67
20220414	2020	350	2.67
20220414	2120	350	2.67
20220414	2220	346	2.66
20220414	2320	342	2.65
20220415	0020	342	2.65
20220415	0120	338	2.64
20220415	0220	338	2.64
20220415	0320	334	2.63
20220415	0420	334	2.63
20220415	0520	330	2.62
20220415	0620	330	2.62
20220415	0720	326	2.61
20220415	0820	322	2.60
20220415	0920	322	2.60
20220415	1020	322	2.60
20220415	1120	322	2.60
20220415	1220	318	2.59
20220415	1322	318	2.59
20220415	1420	318	2.59
20220415	1520	314	2.58
20220415	1620	310	2.57
20220415	1720	310	2.57
20220415	1820	310	2.57
20220415	1920	306	2.56
20220415	2020	306	2.56
20220415	2120	302	2.55
20220415	2220	302	2.55
20220415	2320	298	2.54
20220416	0020	298	2.54
20220416	0120	295	2.53
20220416	0220	295	2.53
20220416	0320	291	2.52
20220416	0420	291	2.52
20220416	0520	291	2.52
20220416	0620	287	2.51
20220416	0720	287	2.51
20220416	0820	287	2.51
20220416	0920	283	2.50
20220416	1020	283	2.50
20220416	1120	283	2.50
20220416	1220	283	2.50
20220416	1320	283	2.50
20220416	1420	287	2.51
20220416	1520	287	2.51
20220416	1620	295	2.53
20220416	1720	298	2.54
20220416	1820	306	2.56
20220416	1920	314	2.58
20220416	2020	322	2.60
20220416	2120	330	2.62
20220416	2220	342	2.65
20220416	2320	363	2.70
20220417	0020	384	2.75
20220417	0120	393	2.77
20220417	0220	388	2.76
20220417	0320	388	2.76
20220417	0420	380	2.74
20220417	0520	376	2.73
20220417	0620	367	2.71
20220417	0720	359	2.69
20220417	0820	354	2.68
20220417	0920	350	2.67
20220417	1020	346	2.66
20220417	1120	342	2.65
20220417	1220	338	2.64
20220417	1320	334	2.63
20220417	1420	330	2.62
20220417	1520	326	2.61
20220417	1620	322	2.60
20220417	1720	322	2.60
20220417	1820	314	2.58
20220417	1920	314	2.58
20220417	2020	310	2.57
20220417	2120	310	2.57
20220417	2220	306	2.56
20220417	2320	306	2.56
20220418	0020	302	2.55
20220418	0120	298	2.54
20220418	0220	298	2.54
20220418	0320	295	2.53
20220418	0420	295	2.53
20220418	0520	291	2.52
20220418	0620	291	2.52
20220418	0720	287	2.51
20220418	0820	283	2.50
20220418	0920	283	2.50
20220418	1020	283	2.50
20220418	1120	279	2.49
20220418	1220	283	2.50
20220418	1320	279	2.49
20220418	1420	279	2.49
20220418	1520	276	2.48
20220418	1620	276	2.48
20220418	1720	279	2.49
20220418	1820	279	2.49
20220418	1920	279	2.49
20220418	2020	295	2.53
20220418	2120	302	2.55
20220418	2220	306	2.56
20220418	2320	310	2.57
20220419	0020	314	2.58
20220419	0120	314	2.58
20220419	0220	314	2.58
20220419	0320	314	2.58
20220419	0420	326	2.61
20220419	0520	326	2.61
20220419	0620	326	2.61
20220419	0720	326	2.61
20220419	0820	326	2.61
20220419	0920	326	2.61
20220419	1020	330	2.62
20220419	1120	330	2.62
20220419	1220	334	2.63
20220419	1320	338	2.64
20220419	1420	338	2.64
20220419	1520	338	2.64
20220419	1620	346	2.66
20220419	1720	350	2.67
20220419	1820	354	2.68
20220419	1920	359	2.69
20220419	2020	367	2.71
20220419	2120	367	2.71
20220419	2220	376	2.73
20220419	2320	380	2.74
20220420	0020	384	2.75
20220420	0120	393	2.77
20220420	0220	397	2.78
20220420	0320	397	2.78
20220420	0420	397	2.78
20220420	0520	393	2.77
20220420	0620	388	2.76
20220420	0720	384	2.75
20220420	0820	376	2.73
20220420	0920	371	2.72
20220420	1020	367	2.71
20220420	1120	367	2.71
20220420	1220	363	2.70
20220420	1320	354	2.68
20220420	1420	350	2.67
20220420	1520	350	2.67
20220420	1620	350	2.67
20220420	1720	350	2.67
20220420	1820	354	2.68
20220420	1920	367	2.71
20220420	2020	397	2.78
20220420	2120	475	2.96
20220420	2220	553	3.13
20220420	2320	572	3.17
20220421	0020	572	3.17
20220421	0120	562	3.15
20220421	0220	558	3.14
20220421	0320	543	3.11
20220421	0420	529	3.08
20220421	0520	520	3.06
20220421	0620	511	3.04
20220421	0720	497	3.01
20220421	0820	492	3.00
20220421	0920	484	2.98
20220421	1020	475	2.96
20220421	1120	466	2.94
20220421	1220	466	2.94
20220421	1320	461	2.93
20220421	1420	457	2.92
20220421	1520	457	2.92
20220421	1620	453	2.91
20220421	1720	457	2.92
20220421	1820	457	2.92
20220421	1820	457	2.92
20220421	1920	461	2.93
20220421	1920	461	2.93
20220421	2020	466	2.94
20220421	2020	466	2.94
20220421	2120	475	2.96
20220421	2120	475	2.96
20220421	2220	479	2.97
20220421	2220	479	2.97
20220421	2320	484	2.98
20220421	2320	484	2.98
20220422	0020	488	2.99
20220422	0020	488	2.99
20220422	0120	488	2.99
20220422	0120	488	2.99
20220422	0220	488	2.99
20220422	0220	488	2.99
20220422	0320	484	2.98
20220422	0320	484	2.98
20220422	0420	484	2.98
20220422	0420	484	2.98
20220422	0520	479	2.97
20220422	0520	479	2.97
20220422	0620	475	2.96
20220422	0620	475	2.96
20220422	0720	470	2.95
20220422	0720	470	2.95
20220422	0820	470	2.95
20220422	0820	470	2.95
20220422	0920	466	2.94
20220422	0920	466	2.94
20220422	1020	461	2.93
20220422	1020	461	2.93
20220422	1120	461	2.93
20220422	1120	461	2.93
20220422	1220	457	2.92
20220422	1220	457	2.92
20220422	1320	457	2.92
20220422	1320	457	2.92
20220422	1420	453	2.91
20220422	1420	453	2.91
20220422	1520	453	2.91
20220422	1520	453	2.91
20220422	1620	448	2.90
20220422	1620	448	2.90
20220422	1720	448	2.90
20220422	1720	448	2.90
20220422	1820	444	2.89
20220422	1820	444	2.89
20220422	1920	440	2.88
20220422	1920	440	2.88
20220422	2020	435	2.87
20220422	2020	435	2.87
20220422	2120	435	2.87
20220422	2120	435	2.87
20220422	2220	431	2.86
20220422	2220	431	2.86
20220422	2320	427	2.85
20220422	2320	427	2.85
20220423	0020	427	2.85
20220423	0020	427	2.85
20220423	0120	423	2.84
20220423	0120	423	2.84
20220423	0220	423	2.84
20220423	0220	423	2.84
20220423	0320	423	2.84
20220423	0320	423	2.84
20220423	0420	418	2.83
20220423	0420	418	2.83
20220423	0520	423	2.84
20220423	0520	423	2.84
20220423	0620	418	2.83
20220423	0620	418	2.83
20220423	0720	418	2.83
20220423	0720	418	2.83
20220423	0820	418	2.83
20220423	0820	418	2.83
20220423	0920	418	2.83
20220423	0920	418	2.83
20220423	1020	418	2.83
20220423	1020	418	2.83
20220423	1120	418	2.83
20220423	1120	418	2.83
20220423	1220	418	2.83
20220423	1220	418	2.83
20220423	1320	418	2.83
20220423	1320	418	2.83
20220423	1420	414	2.82
20220423	1420	414	2.82
20220423	1520	418	2.83
20220423	1520	418	2.83
20220423	1620	414	2.82
20220423	1620	414	2.82
20220423	1720	414	2.82
20220423	1720	414	2.82
20220423	1820	414	2.82
20220423	1820	414	2.82
20220423	1920	410	2.81
20220423	1920	410	2.81
20220423	2020	410	2.81
20220423	2020	410	2.81
20220423	2120	410	2.81
20220423	2120	410	2.81
20220423	2220	406	2.80
20220423	2220	406	2.80
20220423	2320	406	2.80
20220423	2320	406	2.80
20220424	0020	406	2.80
20220424	0020	406	2.80
20220424	0120	402	2.79
20220424	0120	402	2.79
20220424	0220	402	2.79
20220424	0220	402	2.79
20220424	0320	402	2.79
20220424	0320	402	2.79
20220424	0420	397	2.78
20220424	0420	397	2.78
20220424	0520	397	2.78
20220424	0520	397	2.78
20220424	0620	397	2.78
20220424	0620	397	2.78
20220424	0720	397	2.78
20220424	0720	397	2.78
20220424	0820	397	2.78
20220424	0820	397	2.78
20220424	0920	397	2.78
20220424	0920	397	2.78
20220424	1020	397	2.78
20220424	1020	397	2.78
20220424	1120	393	2.77
20220424	1120	393	2.77
20220424	1220	393	2.77
20220424	1220	393	2.77
20220424	1320	393	2.77
20220424	1320	393	2.77
20220424	1420	393	2.77
20220424	1420	393	2.77
20220424	1520	393	2.77
20220424	1520	393	2.77
20220424	1620	388	2.76
20220424	1620	388	2.76
20220424	1720	388	2.76
20220424	1720	388	2.76
20220424	1820	388	2.76
20220424	1820	388	2.76
20220424	1920	384	2.75
20220424	1920	384	2.75
20220424	2020	384	2.75
20220424	2020	384	2.75
20220424	2120	380	2.74
20220424	2120	380	2.74
20220424	2220	380	2.74
20220424	2220	380	2.74
20220424	2320	376	2.73
20220424	2320	376	2.73
20220425	0020	376	2.73
20220425	0020	376	2.73
20220425	0120	371	2.72
20220425	0120	371	2.72
20220425	0220	367	2.71
20220425	0220	367	2.71
20220425	0320	367	2.71
20220425	0320	367	2.71
20220425	0420	367	2.71
20220425	0420	367	2.71
20220425	0520	363	2.70
20220425	0520	363	2.70
20220425	0620	363	2.70
20220425	0620	363	2.70
20220425	0720	363	2.70
20220425	0720	363	2.70
20220425	0820	359	2.69
20220425	0820	359	2.69
20220425	0920	359	2.69
20220425	0920	359	2.69
20220425	1020	359	2.69
20220425	1020	359	2.69
20220425	1120	359	2.69
20220425	1120	359	2.69
20220425	1220	354	2.68
20220425	1220	354	2.68
20220425	1320	359	2.69
20220425	1320	359	2.69
20220425	1420	359	2.69
20220425	1420	359	2.69
20220425	1520	354	2.68
20220425	1520	354	2.68
20220425	1620	354	2.68
20220425	1620	354	2.68
20220425	1720	350	2.67
20220425	1720	350	2.67
20220425	1820	350	2.67
20220425	1820	350	2.67
20220425	1920	346	2.66
20220425	1920	346	2.66
20220425	2020	342	2.65
20220425	2020	342	2.65
20220425	2120	342	2.65
20220425	2120	342	2.65
20220425	2220	338	2.64
20220425	2220	338	2.64
20220425	2320	338	2.64
20220425	2320	338	2.64
20220426	0020	338	2.64
20220426	0020	338	2.64
20220426	0120	338	2.64
20220426	0120	338	2.64
20220426	0220	346	2.66
20220426	0220	346	2.66
20220426	0320	342	2.65
20220426	0320	342	2.65
20220426	0420	338	2.64
20220426	0420	338	2.64
20220426	0520	334	2.63
20220426	0520	334	2.63
20220426	0620	330	2.62
20220426	0620	330	2.62
20220426	0720	330	2.62
20220426	0720	330	2.62
20220426	0820	330	2.62
20220426	0820	330	2.62
20220426	0920	330	2.62
20220426	0920	330	2.62
20220426	1020	330	2.62
20220426	1020	330	2.62
20220426	1120	330	2.62
20220426	1120	330	2.62
20220426	1220	330	2.62
20220426	1220	330	2.62
20220426	1320	326	2.61
20220426	1320	326	2.61
20220426	1420	326	2.61
20220426	1420	326	2.61
20220426	1520	326	2.61
20220426	1520	326	2.61
20220426	1620	330	2.62
20220426	1620	330	2.62
20220426	1720	330	2.62
20220426	1720	330	2.62
20220426	1820	330	2.62
20220426	1820	330	2.62
20220426	1920	334	2.63
20220426	1920	334	2.63
20220426	2020	330	2.62
20220426	2020	330	2.62
20220426	2120	330	2.62
20220426	2120	330	2.62
20220426	2220	330	2.62
20220426	2220	330	2.62
20220426	2320	330	2.62
20220426	2320	330	2.62
20220427	0020	330	2.62
20220427	0020	330	2.62
20220427	0120	330	2.62
20220427	0120	330	2.62
20220427	0220	326	2.61
20220427	0220	326	2.61
20220427	0320	326	2.61
20220427	0320	326	2.61
20220427	0420	322	2.60
20220427	0420	322	2.60
20220427	0520	322	2.60
20220427	0520	322	2.60
20220427	0620	322	2.60
20220427	0620	322	2.60
20220427	0720	318	2.59
20220427	0720	318	2.59
20220427	0820	314	2.58
20220427	0820	314	2.58
20220427	0920	314	2.58
20220427	0920	314	2.58
20220427	1020	310	2.57
20220427	1020	310	2.57
20220427	1120	310	2.57
20220427	1120	310	2.57
20220427	1220	306	2.56
20220427	1220	306	2.56
20220427	1320	306	2.56
20220427	1320	306	2.56
20220427	1420	302	2.55
20220427	1420	302	2.55
20220427	1520	302	2.55
20220427	1520	302	2.55
20220427	1620	298	2.54
20220427	1620	298	2.54
20220427	1720	298	2.54
20220427	1720	298	2.54
20220427	1820	298	2.54
20220427	1820	298	2.54
20220427	1920	295	2.53
20220427	1920	295	2.53
20220427	2020	295	2.53
20220427	2020	295	2.53
20220427	2120	295	2.53
20220427	2120	295	2.53
20220427	2220	291	2.52
20220427	2220	291	2.52
20220427	2320	291	2.52
20220427	2320	291	2.52
20220428	1124	272	2.47
20220428	1224	276	2.48
20220428	1324	272	2.47
20220428	1424	272	2.47
20220428	1524	268	2.46
20220428	1624	268	2.46
20220428	1724	265	2.45
20220428	1824	261	2.44
20220428	1924	261	2.44
20220428	2024	257	2.43
20220428	2124	257	2.43
20220428	2224	257	2.43
20220428	2324	254	2.42
20220429	0024	254	2.42
20220429	0124	254	2.42
20220429	0224	254	2.42
20220429	0324	250	2.41
20220429	0424	250	2.41
20220429	0524	250	2.41
20220429	0624	250	2.41
20220429	0724	250	2.41
20220429	0824	250	2.41
20220429	0924	247	2.40
20220429	1024	247	2.40
20220429	1124	247	2.40
20220429	1224	243	2.39
20220429	1324	247	2.40
20220429	1424	243	2.39
20220429	1524	243	2.39
20220429	1624	243	2.39
20220429	1724	243	2.39
20220429	1824	240	2.38
20220429	1924	236	2.37
20220429	2024	236	2.37
20220429	2124	236	2.37
20220429	2224	236	2.37
20220429	2324	233	2.36
20220430	0024	233	2.36
20220430	0124	233	2.36
20220430	0224	233	2.36
20220430	0324	229	2.35
20220430	0424	229	2.35
20220430	0524	229	2.35
20220430	0624	229	2.35
20220430	0724	226	2.34
20220430	0824	226	2.34
20220430	0924	226	2.34
20220430	1024	226	2.34
20220430	1124	226	2.34
20220430	1224	226	2.34
20220430	1324	226	2.34
20220430	1424	226	2.34
20220430	1524	223	2.33
20220430	1624	223	2.33
20220430	1724	223	2.33
20220430	1824	219	2.32
20220430	1924	219	2.32
20220430	2024	219	2.32
20220430	2124	216	2.31
20220430	2224	216	2.31
20220430	2324	216	2.31
20220501	0024	216	2.31
20220501	0124	216	2.31
20220501	0224	213	2.30
20220501	0324	213	2.30
20220501	0424	213	2.30
20220501	0524	209	2.29
20220501	0624	213	2.30
20220501	0724	209	2.29
20220501	0824	209	2.29
20220501	0924	209	2.29
20220501	1024	209	2.29
20220501	1124	209	2.29
20220501	1224	209	2.29
20220501	1324	209	2.29
20220501	1424	209	2.29
20220501	1524	209	2.29
20220501	1624	209	2.29
20220501	1724	209	2.29
20220501	1824	209	2.29
20220501	1924	209	2.29
20220501	2024	209	2.29
20220501	2124	209	2.29
20220501	2224	209	2.29
20220501	2324	209	2.29
20220502	0024	209	2.29
20220502	0124	213	2.30
20220502	0224	213	2.30
20220502	0324	216	2.31
20220502	0424	216	2.31
20220502	0524	216	2.31
20220502	0624	219	2.32
20220502	0724	219	2.32
20220502	0824	219	2.32
20220502	0924	219	2.32
20220502	1024	219	2.32
20220502	1124	223	2.33
20220502	1224	219	2.32
20220502	1324	219	2.32
20220502	1424	219	2.32
20220502	1524	219	2.32
20220502	1624	219	2.32
20220502	1724	219	2.32
20220502	1824	219	2.32
20220502	1924	216	2.31
20220502	2024	216	2.31
20220502	2124	213	2.30
20220502	2224	213	2.30
20220502	2324	213	2.30
20220503	0024	209	2.29
20220503	0124	209	2.29
20220503	0224	206	2.28
20220503	0324	206	2.28
20220503	0424	206	2.28
20220503	0524	203	2.27
20220503	0624	203	2.27
20220503	0724	200	2.26
20220503	0824	200	2.26
20220503	0924	200	2.26
20220503	1024	200	2.26
20220503	1124	200	2.26
20220503	1224	200	2.26
20220503	1324	200	2.26
20220503	1424	200	2.26
20220503	1524	196	2.25
20220503	1624	196	2.25
20220503	1724	196	2.25
20220503	1824	196	2.25
20220503	1924	193	2.24
20220503	2024	193	2.24
20220503	2124	193	2.24
20220503	2224	190	2.23
20220503	2324	193	2.24
20220504	0024	193	2.24
20220504	0124	193	2.24
20220504	0224	193	2.24
20220504	0324	196	2.25
20220504	0424	196	2.25
20220504	0524	193	2.24
20220504	0624	196	2.25
20220504	0724	193	2.24
20220504	0824	193	2.24
20220504	0924	193	2.24
20220504	1024	193	2.24
20220504	1124	193	2.24
20220504	1224	193	2.24
20220504	1324	193	2.24
20220504	1424	193	2.24
20220504	1524	193	2.24
20220504	1624	196	2.25
20220504	1724	200	2.26
20220504	1824	200	2.26
20220504	1924	206	2.29
20220504	2024	213	2.30
20220504	2124	219	2.32
20220504	2224	223	2.33
20220504	2324	233	2.36
20220505	0024	247	2.40
20220505	0124	257	2.43
20220505	0224	265	2.45
20220505	0324	265	2.45
20220505	0424	265	2.45
20220505	0524	261	2.44
20220505	0624	254	2.42
20220505	0724	250	2.41
20220505	0824	247	2.40
20220505	0924	243	2.39
20220505	1024	240	2.38
20220505	1124	236	2.37
20220505	1224	233	2.36
20220505	1324	233	2.36
20220505	1424	229	2.35
20220505	1524	226	2.34
20220505	1624	223	2.33
20220505	1724	223	2.33
20220505	1824	219	2.32
20220505	1924	216	2.31
20220505	2024	213	2.30
20220505	2126	213	2.30
20220505	2224	209	2.29
20220505	2324	209	2.29
20220506	0024	206	2.28
20220506	0124	206	2.28
20220506	0224	203	2.27
20220506	0324	203	2.27
20220506	0424	203	2.27
20220506	0524	200	2.26
20220506	0624	200	2.26
20220506	0724	203	2.27
20220506	0824	203	2.27
20220506	0924	206	2.28
20220506	1024	206	2.28
20220506	1124	213	2.30
20220506	1224	216	2.31
20220506	1324	226	2.34
20220506	1424	240	2.38
20220506	1524	257	2.43
20220506	1624	283	2.50
20220506	1724	318	2.59
20220506	1824	363	2.70
20220506	1924	423	2.84
20220506	2024	511	3.04
20220506	2124	631	3.29
20220506	2224	741	3.50
20220506	2324	808	3.62
20220507	0024	831	3.66
20220507	0124	831	3.66
20220507	0224	825	3.65
20220507	0324	819	3.64
20220507	0424	814	3.63
20220507	0524	819	3.64
20220507	0624	808	3.62
20220507	0724	791	3.59
20220507	0824	763	3.54
20220507	0924	736	3.49
20220507	1024	715	3.45
20220507	1124	693	3.41
20220507	1224	672	3.37
20220507	1324	657	3.34
20220507	1424	636	3.30
20220507	1524	626	3.28
20220507	1624	611	3.25
20220507	1724	596	3.22
20220507	1824	587	3.20
20220507	1924	572	3.17
20220507	2024	562	3.15
20220507	2124	553	3.13
20220507	2224	548	3.12
20220507	2324	543	3.11
20220508	0024	539	3.10
20220508	0124	529	3.08
20220508	0224	525	3.07
20220508	0324	515	3.05
20220508	0424	515	3.05
20220508	0524	506	3.03
20220508	0624	502	3.02
20220508	0724	502	3.02
20220508	0824	497	3.01
20220508	0924	492	3.00
20220508	1024	492	3.00
20220508	1124	488	2.99
20220508	1224	488	2.99
20220508	1324	484	2.98
20220508	1424	484	2.98
20220508	1524	484	2.98
20220508	1624	479	2.97
20220508	1724	475	2.96
20220508	1824	470	2.95
20220508	1924	470	2.95
20220508	2024	466	2.94
20220508	2124	461	2.93
20220508	2224	457	2.92
20220508	2324	457	2.92
20220509	0024	453	2.91
20220509	0124	448	2.90
20220509	0224	448	2.90
20220509	0324	444	2.89
20220509	0424	440	2.88
20220509	0524	444	2.89
20220509	0624	440	2.88
20220509	0724	435	2.87
20220509	0824	435	2.87
20220509	0924	431	2.86
20220509	1024	431	2.86
20220509	1124	431	2.86
20220509	1224	427	2.85
20220509	1324	427	2.85
20220509	1424	427	2.85
20220509	1524	423	2.84
20220509	1624	423	2.84
20220509	1724	418	2.83
20220509	1824	414	2.82
20220509	1924	414	2.82
20220509	2024	410	2.81
20220509	2124	410	2.81
20220509	2224	406	2.80
20220509	2324	402	2.78
20220510	0024	397	2.78
20220510	0124	397	2.78
20220510	0224	393	2.77
20220510	0324	388	2.76
20220510	0424	388	2.76
20220510	0524	384	2.75
20220510	0624	384	2.75
20220510	0724	380	2.74
20220510	0824	380	2.74
20220510	0924	376	2.73
20220510	0954	376	2.73
20220510	1054	376	2.73
20220510	1154	376	2.73
20220510	1254	376	2.73
20220510	1354	371	2.72
20220510	1454	371	2.72
20220510	1554	367	2.71
20220510	1654	367	2.71
20220510	1754	367	2.71
20220510	1854	363	2.70
20220510	1954	363	2.70
20220510	2054	371	2.72
20220510	2154	367	2.71
20220510	2303	363	2.70
20220511	0003	359	2.69
20220511	0103	354	2.68
20220511	0203	350	2.67
20220511	0303	346	2.66
20220511	0403	342	2.65
20220511	0503	342	2.65
20220511	0603	338	2.64
20220511	0703	338	2.64
20220511	0803	338	2.64
20220511	0903	334	2.63
20220511	1003	334	2.63
20220511	1103	334	2.63
20220511	1203	334	2.63
20220511	1303	330	2.62
20220511	1403	334	2.63
20220511	1503	330	2.62
20220511	1603	326	2.61
20220511	1703	326	2.61
20220511	1803	322	2.60
20220511	1903	322	2.60
20220511	2003	318	2.59
20220511	2103	314	2.58
20220511	2203	314	2.58
20220511	2303	310	2.57
20220512	0003	310	2.57
20220512	0103	306	2.56
20220512	0203	306	2.56
20220512	0303	302	2.55
20220512	0403	302	2.55
20220512	0503	298	2.54
20220512	0603	298	2.54
20220512	0703	298	2.54
20220512	0803	295	2.53
20220512	0903	295	2.53
20220512	1003	295	2.53
20220512	1103	295	2.53
20220512	1203	295	2.53
20220512	1303	295	2.53
20220512	1403	295	2.53
20220512	1503	295	2.53
20220512	1603	291	2.52
20220512	1703	291	2.52
20220512	1803	287	2.51
20220512	1903	287	2.51
20220512	2003	283	2.50
20220512	2103	283	2.50
20220512	2203	279	2.49
20220512	2303	279	2.49
20220513	0003	276	2.48
20220513	0103	276	2.48
20220513	0203	272	2.47
20220513	0303	272	2.47
20220513	0403	272	2.47
20220513	0503	268	2.46
20220513	0603	268	2.46
20220513	0703	268	2.46
20220513	0803	268	2.46
20220513	0903	268	2.46
20220513	1003	265	2.45
20220513	1103	265	2.45
20220513	1203	268	2.46
20220513	1303	265	2.45
20220513	1403	265	2.45
20220513	1503	265	2.45
20220513	1603	265	2.45
20220513	1703	265	2.45
20220513	1803	261	2.44
20220513	1903	261	2.44
20220513	2003	257	2.43
20220513	2103	257	2.43
20220513	2203	257	2.43
20220513	2303	257	2.43
20220514	0003	257	2.43
20220514	0103	254	2.42
20220514	0203	254	2.42
20220514	0303	254	2.42
20220514	0403	254	2.42
20220514	0503	254	2.42
20220514	0603	254	2.42
20220514	0703	254	2.42
20220514	0803	250	2.41
20220514	0903	250	2.41
20220514	1003	250	2.41
20220514	1103	250	2.41
20220514	1203	250	2.41
20220514	1303	250	2.41
20220514	1403	250	2.41
20220514	1503	250	2.41
20220514	1603	247	2.40
20220514	1703	247	2.40
20220514	1803	247	2.40
20220514	1903	243	2.39
20220514	2003	243	2.39
20220514	2103	243	2.39
20220514	2203	240	2.38
20220514	2303	240	2.38
20220515	0003	240	2.38
20220515	0103	240	2.38
20220515	0203	240	2.38
20220515	0303	236	2.37
20220515	0403	236	2.37
20220515	0503	236	2.37
20220515	0603	236	2.37
20220515	0703	233	2.36
20220515	0803	236	2.37
20220515	0903	233	2.36
20220515	1003	233	2.36
20220515	1103	233	2.36
20220515	1203	233	2.36
20220515	1303	233	2.36
20220515	1403	233	2.36
20220515	1503	229	2.35
20220515	1603	229	2.35
20220515	1703	233	2.36
20220515	1803	240	2.38
20220515	1903	261	2.44
20220515	2003	287	2.51
20220515	2103	310	2.57
20220515	2203	359	2.69
20220515	2303	479	2.97
20220516	0003	506	3.03
20220516	0103	488	2.99
20220516	0203	470	2.95
20220516	0303	453	2.91
20220516	0403	435	2.87
20220516	0503	423	2.84
20220516	0603	410	2.81
20220516	0703	402	2.79
20220516	0803	388	2.76
20220516	0903	380	2.74
20220516	1003	367	2.71
20220516	1103	359	2.69
20220516	1203	363	2.70
20220516	1303	388	2.76
20220516	1403	414	2.82
20220516	1503	453	2.91
20220516	1603	492	3.00
20220516	1703	511	3.04
20220516	1803	567	3.16
20220516	1903	786	3.58
20220516	2003	819	3.64
20220516	2103	797	3.60
20220516	2203	758	3.53
20220516	2303	725	3.47
20220517	0003	688	3.40
20220517	0103	657	3.34
20220517	0203	631	3.29
20220517	0303	611	3.25
20220517	0403	591	3.21
20220517	0503	572	3.17
20220517	0603	558	3.14
20220517	0703	543	3.11
20220517	0803	529	3.08
20220517	0903	515	3.05
20220517	0918	511	3.04
20220517	0948	506	3.03
20220517	0950	506	3.03
20220517	1050	497	3.01
20220517	1150	488	2.99
20220517	1250	484	2.98
20220517	1350	475	2.96
20220517	1450	470	2.95
20220517	1550	461	2.93
20220517	1650	453	2.91
20220517	1750	448	2.90
20220517	1850	440	2.88
20220517	1950	435	2.87
20220517	2050	427	2.85
20220517	2150	423	2.84
20220517	2250	414	2.82
20220517	2350	410	2.81
20220518	0050	406	2.80
20220518	0150	402	2.79
20220518	0250	397	2.78
20220518	0350	393	2.77
20220518	0450	384	2.75
20220518	0550	384	2.75
20220518	0650	380	2.74
20220518	0750	376	2.73
20220518	0850	376	2.73
20220518	0950	376	2.73
20220518	1050	371	2.72
20220518	1150	371	2.72
20220518	1250	371	2.72
20220518	1350	371	2.72
20220518	1450	367	2.71
20220518	1550	367	2.71
20220518	1650	363	2.70
20220518	1750	359	2.69
20220518	1850	359	2.69
20220518	1950	354	2.68
20220518	2050	350	2.67
20220518	2150	350	2.67
20220518	2250	350	2.67
20220518	2350	350	2.67
20220519	0050	350	2.67
20220519	0150	350	2.67
20220519	0250	350	2.67
20220519	0350	350	2.67
20220519	0450	350	2.67
20220519	0550	350	2.67
20220519	0650	350	2.67
20220519	0750	354	2.68
20220519	0850	350	2.67
20220519	0950	354	2.68
20220519	1050	354	2.68
20220519	1150	350	2.67
20220519	1250	350	2.67
20220519	1350	350	2.67
20220519	1450	350	2.67
20220519	1550	350	2.67
20220519	1650	350	2.67
20220519	1750	350	2.67
20220519	1850	346	2.66
20220519	1950	346	2.66
20220519	2050	342	2.65
20220519	2150	338	2.64
20220519	2250	334	2.63
20220519	2350	334	2.63
20220520	0050	330	2.62
20220520	0150	330	2.62
20220520	0250	326	2.61
20220520	0350	322	2.60
20220520	0450	322	2.60
20220520	0550	318	2.59
20220520	0650	314	2.58
20220520	0750	314	2.58
20220520	0850	314	2.58
20220520	0950	310	2.57
20220520	1050	310	2.57
20220520	1150	310	2.57
20220520	1250	310	2.57
20220520	1350	310	2.57
20220520	1450	306	2.56
20220520	1550	306	2.56
20220520	1650	302	2.55
20220520	1750	302	2.55
20220520	1850	298	2.54
20220520	1950	298	2.54
20220520	2050	295	2.53
20220520	2150	295	2.53
20220520	2250	291	2.52
20220520	2350	287	2.51
20220521	0050	287	2.51
20220521	0150	287	2.51
20220521	0250	283	2.50
20220521	0350	283	2.50
20220521	0450	279	2.49
20220521	0550	279	2.49
20220521	0650	279	2.49
20220521	0750	279	2.49
20220521	0850	279	2.49
20220521	0950	276	2.48
20220521	1050	276	2.48
20220521	1150	276	2.48
20220521	1250	276	2.48
20220521	1350	276	2.48
20220521	1450	272	2.47
20220521	1550	272	2.47
20220521	1650	268	2.46
20220521	1750	268	2.46
20220521	1850	265	2.45
20220521	1950	261	2.44
20220521	2050	257	2.43
20220521	2150	254	2.42
20220521	2250	254	2.42
20220521	2350	250	2.41
20220522	0050	247	2.40
20220522	0150	247	2.40
20220522	0250	247	2.40
20220522	0350	243	2.39
20220522	0450	243	2.39
20220522	0550	243	2.39
20220522	0650	240	2.38
20220522	0750	240	2.38
20220522	0850	240	2.38
20220522	0950	236	2.37
20220522	1050	236	2.37
20220522	1150	236	2.37
20220522	1250	236	2.37
20220522	1350	236	2.37
20220522	1450	236	2.37
20220522	1550	233	2.36
20220522	1650	233	2.36
20220522	1750	233	2.36
20220522	1850	229	2.35
20220522	1950	229	2.35
20220522	2050	229	2.35
20220522	2150	226	2.34
20220522	2250	226	2.34
20220522	2350	226	2.34
20220523	0050	226	2.34
20220523	0150	229	2.35
20220523	0250	229	2.35
20220523	0350	229	2.35
20220523	0450	229	2.35
20220523	0550	229	2.35
20220523	0650	226	2.34
20220523	0750	226	2.34
20220523	0850	223	2.33
20220523	0950	223	2.33
20220523	1050	223	2.33
20220523	1150	219	2.32
20220523	1250	219	2.32
20220523	1350	219	2.32
20220523	1450	216	2.31
20220523	1550	216	2.31
20220523	1650	213	2.30
20220523	1750	213	2.30
20220523	1850	209	2.29
20220523	1950	206	2.28
20220523	2050	206	2.28
20220523	2150	203	2.27
20220523	2250	203	2.27
20220523	2350	200	2.26
20220524	0050	200	2.26
20220524	0150	196	2.25
20220524	0250	196	2.25
20220524	0350	196	2.25
20220524	0450	193	2.24
20220524	0550	193	2.24
20220524	0650	193	2.24
20220524	0750	193	2.24
20220524	0850	193	2.24
20220524	0950	190	2.23
20220524	1050	190	2.23
20220524	1150	190	2.23
20220524	1250	190	2.23
20220524	1350	190	2.23
20220524	1450	190	2.23
20220524	1550	190	2.23
20220524	1650	187	2.22
20220524	1750	187	2.22
20220524	1850	187	2.22
20220524	1950	184	2.21
20220524	2050	184	2.21
20220524	2150	184	2.21
20220524	2250	184	2.21
20220524	2350	181	2.20
20220525	0050	181	2.20
20220525	0150	181	2.20
20220525	0250	181	2.20
20220525	0350	178	2.19
20220525	0450	178	2.19
20220525	0550	178	2.19
20220525	0650	178	2.19
20220525	0750	175	2.18
20220525	0850	175	2.18
20220525	0950	175	2.18
20220525	1050	175	2.18
20220525	1150	175	2.18
20220525	1250	178	2.19
20220525	1350	175	2.18
20220525	1450	175	2.18
20220525	1550	172	2.17
20220525	1650	172	2.17
20220525	1750	172	2.17
20220525	1850	169	2.16
20220525	1950	169	2.16
20220525	2050	166	2.15
20220525	2150	169	2.16
20220525	2250	169	2.16
20220525	2350	163	2.14
20220526	0050	163	2.14
20220526	0150	163	2.14
20220526	0250	160	2.13
20220526	0350	160	2.13
20220526	0450	160	2.13
20220526	0550	157	2.12
20220526	0650	157	2.12
20220526	0750	157	2.12
20220526	0850	157	2.12
20220526	0950	157	2.12
20220526	1050	157	2.12
20220526	1150	154	2.11
20220526	1250	157	2.12
20220526	1350	154	2.11
20220526	1450	154	2.11
20220526	1550	151	2.10
20220526	1650	151	2.10
20220526	1750	151	2.10
20220526	1850	151	2.10
20220526	1950	151	2.10
20220526	2050	149	2.09
20220526	2150	149	2.09
20220526	2250	149	2.09
20220526	2350	146	2.08
20220527	0050	146	2.08
20220527	0150	146	2.08
20220527	0250	146	2.08
20220527	0350	146	2.08
20220527	0450	146	2.08
20220527	0550	146	2.08
20220527	0650	146	2.08
20220527	0750	146	2.08
20220527	0850	146	2.08
20220527	0950	146	2.08
20220527	1050	146	2.08
20220527	1150	146	2.08
20220527	1250	146	2.08
20220527	1350	146	2.08
20220527	1450	169	2.16
20220527	1550	172	2.17
20220527	1650	181	2.20
20220527	1750	178	2.19
20220527	1850	178	2.19
20220527	1950	184	2.21
20220527	2050	187	2.22
20220527	2150	187	2.22
20220527	2250	190	2.23
20220527	2350	190	2.23
20220528	0050	190	2.23
20220528	0150	190	2.23
20220528	0250	190	2.23
20220528	0350	190	2.23
20220528	0450	193	2.24
20220528	0550	200	2.26
20220528	0650	200	2.26
20220528	0750	203	2.27
20220528	0850	203	2.27
20220528	0950	203	2.27
20220528	1050	203	2.27
20220528	1150	203	2.27
20220528	1250	206	2.28
20220528	1350	209	2.29
20220528	1450	223	2.33
20220528	1550	243	2.39
20220528	1650	243	2.39
20220528	1750	243	2.39
20220528	1850	236	2.37
20220528	1950	233	2.36
20220528	2050	226	2.34
20220528	2150	223	2.33
20220528	2250	219	2.32
20220528	2350	216	2.31
20220529	0050	209	2.29
20220529	0150	206	2.28
20220529	0250	203	2.27
20220529	0350	200	2.26
20220529	0450	196	2.25
20220529	0550	193	2.24
20220529	0650	190	2.23
20220529	0750	190	2.23
20220529	0850	187	2.22
20220529	0950	184	2.21
20220529	1050	181	2.20
20220529	1150	181	2.20
20220529	1250	181	2.20
20220529	1350	178	2.19
20220529	1450	175	2.18
20220529	1550	175	2.18
20220529	1650	172	2.17
20220529	1750	172	2.17
20220529	1850	169	2.16
20220529	1950	166	2.15
20220529	2050	163	2.14
20220529	2150	163	2.14
20220529	2250	160	2.13
20220529	2350	157	2.12
20220530	0050	154	2.11
20220530	0150	154	2.11
20220530	0250	151	2.10
20220530	0350	151	2.10
20220530	0450	149	2.09
20220530	0550	149	2.09
20220530	0650	149	2.09
20220530	0750	149	2.09
20220530	0850	146	2.08
20220530	0950	146	2.08
20220530	1050	146	2.08
20220530	1150	146	2.08
20220530	1250	146	2.08
20220530	1350	146	2.08
20220530	1450	146	2.08
20220530	1550	143	2.07
20220530	1650	143	2.07
20220530	1750	143	2.07
20220530	1850	140	2.06
20220530	1950	140	2.06
20220530	2050	138	2.05
20220530	2150	138	2.05
20220530	2250	135	2.04
20220530	2350	135	2.04
20220531	0050	135	2.04
20220531	0150	132	2.03
20220531	0250	132	2.03
20220531	0350	132	2.03
20220531	0450	132	2.03
20220531	0550	132	2.03
20220531	0650	132	2.03
20220531	0750	132	2.03
20220531	0850	132	2.03
20220531	0950	132	2.03
20220531	1050	132	2.03
20220531	1150	132	2.03
20220531	1250	132	2.03
20220531	1350	132	2.03
20220531	1450	132	2.03
20220531	1550	130	2.02
20220531	1650	130	2.02
20220531	1750	127	2.01
20220531	1850	124	2.00
20220531	1950	124	2.00
20220531	2050	122	1.99
20220531	2150	122	1.99
20220531	2250	122	1.99
20220531	2350	119	1.98
20220601	0050	119	1.98
20220601	0150	119	1.98
20220601	0250	117	1.97
20220601	0350	117	1.97
20220601	0450	114	1.96
20220601	0550	114	1.96
20220601	0650	117	1.97
20220601	0750	117	1.97
20220601	0850	117	1.97
20220601	0950	117	1.97
20220601	1050	117	1.97
20220601	1150	117	1.97
20220601	1250	117	1.97
20220601	1350	117	1.97
20220601	1450	117	1.97
20220601	1550	114	1.96
20220601	1650	114	1.96
20220601	1750	112	1.95
20220601	1850	112	1.95
20220601	1950	112	1.95
20220601	2050	112	1.95
20220601	2150	112	1.95
20220601	2250	109	1.94
20220601	2350	112	1.95
20220602	0050	114	1.96
20220602	0150	117	1.97
20220602	0250	117	1.97
20220602	0350	117	1.97
20220602	0450	117	1.97
20220602	0550	117	1.97
20220602	0650	117	1.97
20220602	0750	130	2.02
20220602	0851	132	2.03
20220602	0951	132	2.03
20220602	1051	135	2.04
20220602	1150	138	2.05
20220602	1250	138	2.05
20220602	1350	138	2.05
20220602	1450	138	2.05
20220602	1550	138	2.05
20220602	1650	135	2.04
20220602	1750	135	2.04
20220602	1850	132	2.03
20220602	1950	132	2.03
20220602	2050	130	2.02
20220602	2150	130	2.02
20220602	2250	143	2.07
20220602	2350	146	2.08
20220603	0050	160	2.13
20220603	0150	160	2.13
20220603	0250	163	2.14
20220603	0350	160	2.13
20220603	0450	157	2.12
20220603	0550	154	2.11
20220603	0650	151	2.10
20220603	0750	151	2.10
20220603	0850	151	2.10
20220603	0950	149	2.09
20220603	1050	146	2.08
20220603	1150	146	2.08
20220603	1250	140	2.06
20220603	1350	138	2.05
20220603	1450	138	2.05
20220603	1550	138	2.05
20220603	1650	135	2.04
20220603	1750	132	2.03
20220603	1850	132	2.03
20220603	1950	130	2.02
20220603	2050	127	2.01
20220603	2150	124	2.00
20220603	2250	122	1.99
20220603	2350	119	1.98
20220604	0050	119	1.98
20220604	0150	117	1.97
20220604	0250	117	1.97
20220604	0350	114	1.96
20220604	0450	112	1.95
20220604	0550	112	1.95
20220604	0650	112	1.95
20220604	0750	112	1.95
20220604	0850	112	1.95
20220604	0950	112	1.95
20220604	1050	109	1.94
20220604	1150	109	1.94
20220604	1250	109	1.94
20220604	1350	109	1.94
20220604	1450	109	1.94
20220604	1550	109	1.94
20220604	1650	107	1.93
20220604	1750	107	1.93
20220604	1850	107	1.93
20220604	1950	104	1.92
20220604	2050	104	1.92
20220604	2150	102	1.91
20220604	2250	102	1.91
20220604	2350	99.7	1.90
20220605	0050	99.7	1.90
20220605	0150	99.7	1.90
20220605	0250	97.4	1.89
20220605	0350	97.4	1.89
20220605	0450	97.4	1.89
20220605	0550	97.4	1.89
20220605	0650	97.4	1.89
20220605	0750	97.4	1.89
20220605	0850	97.4	1.89
20220605	0950	97.4	1.89
20220605	1050	97.4	1.89
20220605	1150	97.4	1.89
20220605	1250	97.4	1.89
20220605	1350	97.4	1.89
20220605	1450	95.0	1.88
20220605	1550	95.0	1.88
20220605	1650	95.0	1.88
20220605	1750	95.0	1.88
20220605	1850	95.0	1.88
20220605	1950	95.0	1.88
20220605	2050	92.6	1.87
20220605	2150	92.6	1.87
20220605	2250	90.2	1.86
20220605	2350	90.2	1.86
20220606	0050	90.2	1.86
20220606	0150	90.2	1.86
20220606	0250	87.9	1.85
20220606	0350	87.9	1.85
20220606	0450	87.9	1.85
20220606	0550	87.9	1.85
20220606	0650	87.9	1.85
20220606	0750	87.9	1.85
20220606	0850	87.9	1.85
20220606	0950	87.9	1.85
20220606	1050	87.9	1.85
20220606	1150	87.9	1.85
20220606	1250	87.9	1.85
20220606	1350	87.9	1.85
20220606	1450	87.9	1.85
20220606	1550	87.9	1.85
20220606	1650	87.9	1.85
20220606	1750	85.5	1.84
20220606	1850	85.5	1.84
20220606	1950	85.5	1.84
20220606	2050	83.2	1.83
20220606	2150	83.2	1.83
20220606	2250	83.2	1.83
20220606	2350	81.0	1.82
20220607	0050	81.0	1.82
20220607	0150	81.0	1.82
20220607	0250	81.0	1.82
20220607	0350	81.0	1.82
20220607	0450	81.0	1.82
20220607	0550	81.0	1.82
20220607	0650	81.0	1.82
20220607	0750	81.0	1.82
20220607	0850	81.0	1.82
20220607	0950	78.7	1.81
20220607	1050	81.0	1.82
20220607	1150	78.7	1.81
20220607	1250	78.7	1.81
20220607	1350	81.0	1.82
20220607	1450	81.0	1.82
20220607	1550	83.2	1.83
20220607	1650	87.9	1.85
20220607	1750	92.6	1.87
20220607	1850	95.0	1.88
20220607	1950	95.0	1.88
20220607	2050	95.0	1.88
20220607	2150	97.4	1.89
20220607	2250	99.7	1.90
20220607	2350	102	1.91
20220608	0050	104	1.92
20220608	0150	109	1.94
20220608	0250	114	1.96
20220608	0350	119	1.98
20220608	0450	122	1.99
20220608	0550	124	2.00
20220608	0650	127	2.01
20220608	0750	127	2.01
20220608	0850	127	2.01
20220608	0950	124	2.00
20220608	1050	124	2.00
20220608	1150	124	2.00
20220608	1250	122	1.99
20220608	1350	119	1.98
20220608	1450	119	1.98
20220608	1550	117	1.97
20220608	1650	117	1.97
20220608	1750	114	1.96
20220608	1850	112	1.95
20220608	1950	109	1.94
20220608	2050	109	1.94
20220608	2150	107	1.93
20220608	2250	104	1.92
20220608	2350	102	1.91
20220609	0050	102	1.91
20220609	0150	109	1.94
20220609	0250	112	1.95
20220609	0350	114	1.96
20220609	0450	119	1.98
20220609	0550	122	1.99
20220609	0650	127	2.01
20220609	0750	135	2.04
20220609	0850	140	2.06
20220609	0950	149	2.09
20220609	1050	157	2.12
20220609	1150	163	2.14
20220609	1250	175	2.18
20220609	1350	184	2.21
20220609	1450	187	2.22
20220609	1550	190	2.23
20220609	1650	190	2.23
20220609	1750	190	2.23
20220609	1850	187	2.22
20220609	1950	181	2.20
20220609	2050	175	2.18
20220609	2150	172	2.17
20220609	2250	166	2.15
20220609	2350	163	2.14
20220610	0050	157	2.12
20220610	0150	154	2.11
20220610	0250	151	2.10
20220610	0350	149	2.09
20220610	0450	146	2.08
20220610	0550	143	2.07
20220610	0650	140	2.06
20220610	0750	138	2.05
20220610	0850	138	2.05
20220610	0950	135	2.04
20220610	1050	135	2.04
20220610	1150	132	2.03
20220610	1250	132	2.03
20220610	1350	130	2.02
20220610	1450	130	2.02
20220610	1550	127	2.01
20220610	1650	127	2.01
20220610	1750	124	2.00
20220610	1850	122	1.99
20220610	1950	122	1.99
20220610	2050	119	1.98
20220610	2150	117	1.97
20220610	2250	117	1.97
20220610	2350	114	1.96
20220611	0050	114	1.96
20220611	0150	112	1.95
20220611	0250	109	1.94
20220611	0350	109	1.94
20220611	0450	109	1.94
20220611	0550	107	1.93
20220611	0650	107	1.93
20220611	0750	107	1.93
20220611	0850	107	1.93
20220611	0950	104	1.92
20220611	1050	104	1.92
20220611	1150	104	1.92
20220611	1250	104	1.92
20220611	1350	104	1.92
20220611	1450	104	1.92
20220611	1550	104	1.92
20220611	1650	102	1.91
20220611	1750	102	1.91
20220611	1850	102	1.91
20220611	1950	99.7	1.90
20220611	2050	99.7	1.90
20220611	2150	99.7	1.90
20220611	2250	97.4	1.89
20220611	2350	97.4	1.89
20220612	0050	95.0	1.88
20220612	0150	95.0	1.88
20220612	0250	95.0	1.88
20220612	0350	95.0	1.88
20220612	0450	92.6	1.87
20220612	0550	92.6	1.87
20220612	0650	92.6	1.87
20220612	0750	92.6	1.87
20220612	0850	92.6	1.87
20220612	0950	92.6	1.87
20220612	1050	92.6	1.87
20220612	1150	92.6	1.87
20220612	1250	92.6	1.87
20220612	1350	92.6	1.87
20220612	1450	92.6	1.87
20220612	1550	92.6	1.87
20220612	1650	92.6	1.87
20220612	1750	92.6	1.87
20220612	1850	95.0	1.88
20220612	1950	95.0	1.88
20220612	2050	92.6	1.87
20220612	2150	92.6	1.87
20220612	2250	95.0	1.88
20220612	2350	92.6	1.87
20220613	0050	92.6	1.87
20220613	0150	92.6	1.87
20220613	0250	92.6	1.87
20220613	0350	92.6	1.87
20220613	0450	92.6	1.87
20220613	0550	92.6	1.87
20220613	0650	92.6	1.87
20220613	0750	90.2	1.86
20220613	0850	90.2	1.86
20220613	0950	90.2	1.86
20220613	1050	90.2	1.86
20220613	1150	90.2	1.86
20220613	1250	90.2	1.86
20220613	1350	90.2	1.86
20220613	1450	90.2	1.86
20220613	1550	90.2	1.86
20220613	1650	90.2	1.86
20220613	1750	90.2	1.86
20220613	1850	87.9	1.85
20220613	1950	87.9	1.85
20220613	2050	87.9	1.85
20220613	2150	85.5	1.84
20220613	2250	85.5	1.84
20220613	2350	85.5	1.84
20220614	0050	83.2	1.83
20220614	0150	83.2	1.83
20220614	0250	83.2	1.83
20220614	0350	83.2	1.83
20220614	0450	81.0	1.82
20220614	0550	81.0	1.82
20220614	0650	81.0	1.82
20220614	0750	81.0	1.82
20220614	0850	81.0	1.82
20220614	0950	81.0	1.82
20220614	1050	81.0	1.82
20220614	1150	81.0	1.82
20220614	1250	81.0	1.82
20220614	1350	81.0	1.82
20220614	1450	81.0	1.82
20220614	1551	81.0	1.82
20220614	1651	81.0	1.82
20220614	1751	81.0	1.82
20220614	1850	81.0	1.82
20220614	1950	78.7	1.81
20220614	2050	78.7	1.81
20220614	2150	76.5	1.80
20220614	2250	76.5	1.80
20220614	2350	76.5	1.80
20220615	0050	76.5	1.80
20220615	0150	74.5	1.79
20220615	0250	74.5	1.79
20220615	0350	74.5	1.79
20220615	0450	74.5	1.79
20220615	0550	74.5	1.79
20220615	0650	74.5	1.79
20220615	0750	74.5	1.79
20220615	0850	74.5	1.79
20220615	0950	74.5	1.79
20220615	1050	74.5	1.79
20220615	1150	74.5	1.79
20220615	1250	74.5	1.79
20220615	1351	74.5	1.79
20220615	1451	74.5	1.79
20220615	1551	74.5	1.79
20220615	1651	74.5	1.79
20220615	1751	72.5	1.78
20220615	1851	74.5	1.79
20220615	1951	72.5	1.78
20220615	2051	72.5	1.78
20220615	2151	70.5	1.77
20220615	2250	70.5	1.77
20220615	2350	70.5	1.77
20220616	0050	70.5	1.77
20220616	0150	68.5	1.76
20220616	0251	68.5	1.76
20220616	0350	68.5	1.76
20220616	0450	68.5	1.76
20220616	0551	68.5	1.76
20220616	0651	70.5	1.77
20220616	0751	81.0	1.82
20220616	0851	83.2	1.83
20220616	0950	97.4	1.89
20220616	1051	117	1.97
20220616	1151	122	1.99
20220630	1035	45.6	1.63
20220630	1135	45.6	1.63
20220630	1235	47.2	1.64
20220630	1335	47.2	1.64
20220630	1435	47.2	1.64
20220630	1535	47.2	1.64
20220630	1635	47.2	1.64
20220630	1735	45.6	1.63
20220630	1835	45.6	1.63
20220630	1935	45.6	1.63
20220630	2035	45.6	1.63
20220630	2135	44.0	1.62
20220630	2235	44.0	1.62
20220630	2335	44.0	1.62
20220701	0035	44.0	1.62
20220701	0135	44.0	1.62
20220701	0235	42.4	1.61
20220701	0335	42.4	1.61
20220701	0435	42.4	1.61
20220701	0535	42.4	1.61
20220701	0635	42.4	1.61
20220701	0735	42.4	1.61
20220701	0835	42.4	1.61
20220701	0935	42.4	1.61
20220701	1035	42.4	1.61
20220701	1135	42.4	1.61
20220701	1235	42.4	1.61
20220701	1335	42.4	1.61
20220701	1435	42.4	1.61
20220701	1535	42.4	1.61
20220701	1635	42.4	1.61
20220701	1735	42.4	1.61
20220701	1835	40.9	1.60
20220701	1935	40.9	1.60
20220701	2035	40.9	1.60
20220701	2135	40.9	1.60
20220701	2235	40.9	1.60
20220701	2335	40.9	1.60
20220702	0035	40.9	1.60
20220702	0135	40.9	1.60
20220702	0235	40.9	1.60
20220702	0335	42.4	1.61
20220702	0435	42.4	1.61
20220702	0535	44.0	1.62
20220702	0635	45.6	1.63
20220702	0735	47.2	1.64
20220702	0835	48.8	1.65
20220702	0935	52.2	1.67
