date	time	stream flow	gage height
20220219	1700	2000	4.77
20220219	1800	1970	4.74
20220219	1900	1950	4.72
20220219	2000	1920	4.69
20220219	2100	1890	4.66
20220219	2200	1860	4.63
20220219	2300	1850	4.62
20220220	0000	1820	4.59
20220220	0100	1790	4.56
20220220	0200	1760	4.53
20220220	0300	1760	4.53
20220220	0400	1720	4.48
20220220	0500	1690	4.45
20220220	0600	1670	4.43
20220220	0700	1650	4.41
20220220	0800	1630	4.39
20220220	0900	1600	4.36
20220220	1000	1580	4.33
20220220	1100	1570	4.32
20220220	1200	1540	4.29
20220220	1300	1520	4.27
20220220	1400	1510	4.25
20220220	1500	1490	4.23
20220220	1600	1480	4.22
20220220	1700	1460	4.20
20220220	1800	1460	4.19
20220220	1900	1450	4.18
20220220	2000	1420	4.15
20220220	2100	1410	4.14
20220220	2200	1400	4.12
20220220	2300	1400	4.12
20220221	0000	1380	4.10
20220221	0100	1360	4.08
20220221	0200	1370	4.09
20220221	0300	1380	4.10
20220221	0400	1360	4.08
20220221	0500	1350	4.07
20220221	0600	1340	4.05
20220221	0700	1340	4.05
20220221	0800	1310	4.02
20220221	0900	1310	4.01
20220221	1000	1300	4.00
20220221	1100	1280	3.98
20220221	1200	1270	3.97
20220221	1300	1270	3.97
20220221	1400	1270	3.96
20220221	1500	1260	3.95
20220221	1600	1240	3.93
20220221	1700	1230	3.92
20220221	1800	1230	3.92
20220221	1900	1230	3.91
20220221	2000	1210	3.89
20220221	2100	1210	3.89
20220221	2200	1200	3.88
20220221	2300	1190	3.86
20220222	0000	1190	3.86
20220222	0100	1180	3.85
20220222	0200	1170	3.84
20220222	0300	1170	3.84
20220222	0400	1160	3.83
20220222	0500	1160	3.83
20220222	0600	1160	3.83
20220222	0700	1160	3.82
20220222	0800	1150	3.81
20220222	0900	1140	3.80
20220222	1000	1130	3.79
20220222	1100	1120	3.77
20220222	1200	1110	3.76
20220222	1300	1100	3.75
20220222	1400	1100	3.74
20220222	1500	1100	3.74
20220222	1600	1100	3.74
20220222	1700	1100	3.74
20220222	1800	1130	3.78
20220222	1900	1160	3.83
20220222	2000	1200	3.88
20220222	2100	1230	3.91
20220222	2200	1250	3.94
20220222	2300	1270	3.96
20220223	0000	1270	3.97
20220223	0100	1270	3.97
20220223	0200	1270	3.96
20220223	0300	1270	3.97
20220223	0400	1280	3.98
20220223	0500	1300	4.00
20220223	0600	1330	4.04
20220223	0700	1350	4.06
20220223	0800	1360	4.08
20220223	0900	1380	4.10
20220223	1000	1390	4.11
20220223	1100	1400	4.12
20220223	1200	1400	4.12
20220223	1300	1390	4.11
20220223	1400	1380	4.10
20220223	1500	1370	4.09
20220223	1600	1350	4.07
20220223	1700	1340	4.05
20220223	1800	1330	4.04
20220223	1900	1310	4.02
20220223	2000	1310	4.02
20220223	2100	1290	3.99
20220223	2200	1270	3.97
20220223	2300	1270	3.96
20220224	0000	1250	3.94
20220224	0100	1240	3.93
20220224	0200	1230	3.92
20220224	0300	1220	3.90
20220224	0400	1200	3.88
20220224	0500	1200	3.88
20220224	0600	1190	3.86
20220224	0700	1180	3.85
20220224	0800	1160	3.83
20220224	0900	1160	3.82
20220224	1000	1140	3.80
20220224	1100	1130	3.79
20220224	1200	1100	3.75
20220224	1300	1100	3.75
20220224	1400	1100	3.74
20220224	1500	1080	3.72
20220224	1600	1070	3.70
20220224	1700	1060	3.69
20220224	1800	1050	3.68
20220224	1900	1050	3.68
20220224	2000	1050	3.67
20220224	2100	1030	3.65
20220224	2200	1030	3.64
20220224	2300	1020	3.63
20220225	0000	1020	3.63
20220225	0100	1010	3.62
20220225	0200	1010	3.62
20220225	0300	1020	3.63
20220225	0400	1030	3.64
20220225	0500	1030	3.65
20220225	0600	1030	3.65
20220225	0700	1050	3.68
20220225	0800	1060	3.69
20220225	0900	1070	3.70
20220225	1000	1080	3.71
20220225	1100	1080	3.71
20220225	1200	1080	3.71
20220225	1300	1080	3.71
20220225	1400	1090	3.73
20220225	1500	1100	3.74
20220225	1600	1100	3.75
20220225	1700	1120	3.77
20220225	1800	1130	3.78
20220225	1900	1120	3.77
20220225	2000	1100	3.75
20220225	2100	1100	3.74
20220225	2200	1080	3.72
20220225	2300	1070	3.70
20220226	0000	1050	3.68
20220226	0100	1050	3.67
20220226	0200	1030	3.65
20220226	0300	1030	3.64
20220226	0400	1020	3.63
20220226	0500	1020	3.63
20220226	0600	1000	3.61
20220226	0700	990	3.59
20220226	0800	990	3.59
20220226	0900	969	3.56
20220226	1000	963	3.55
20220226	1100	956	3.54
20220226	1200	942	3.52
20220226	1300	949	3.53
20220226	1400	942	3.52
20220226	1500	929	3.50
20220226	1600	929	3.50
20220226	1700	922	3.49
20220226	1800	922	3.49
20220226	1900	922	3.49
20220226	2000	915	3.48
20220226	2100	915	3.48
20220226	2200	909	3.47
20220226	2300	895	3.45
20220227	0000	895	3.45
20220227	0100	889	3.44
20220227	0200	882	3.43
20220227	0300	869	3.41
20220227	0400	863	3.40
20220227	0500	863	3.40
20220227	0600	857	3.39
20220227	0700	850	3.38
20220227	0800	850	3.38
20220227	0900	844	3.37
20220227	1000	837	3.36
20220227	1100	837	3.36
20220227	1200	831	3.35
20220227	1300	844	3.37
20220227	1400	831	3.35
20220227	1500	831	3.35
20220227	1600	831	3.35
20220227	1700	844	3.37
20220227	1800	857	3.39
20220227	1900	882	3.43
20220227	2000	895	3.45
20220227	2100	909	3.47
20220227	2200	909	3.47
20220227	2300	895	3.45
20220228	0000	882	3.43
20220228	0100	876	3.42
20220228	0200	863	3.40
20220228	0300	863	3.40
20220228	0400	863	3.40
20220228	0500	857	3.39
20220228	0600	857	3.39
20220228	0701	857	3.39
20220228	0800	857	3.39
20220228	0900	857	3.39
20220228	1000	857	3.39
20220228	1100	850	3.38
20220228	1200	844	3.37
20220228	1300	837	3.36
20220228	1400	831	3.35
20220228	1500	825	3.34
20220228	1600	825	3.34
20220228	1700	819	3.33
20220228	1800	812	3.32
20220228	1900	806	3.31
20220228	2000	806	3.31
20220228	2100	812	3.32
20220228	2200	806	3.31
20220228	2300	794	3.29
20220301	0000	800	3.30
20220301	0100	794	3.29
20220301	0200	788	3.28
20220301	0300	781	3.27
20220301	0400	781	3.27
20220301	0500	781	3.27
20220301	0600	788	3.28
20220301	0700	788	3.28
20220301	0800	794	3.29
20220301	0900	788	3.28
20220301	1000	788	3.28
20220301	1100	781	3.27
20220301	1200	775	3.26
20220301	1300	775	3.26
20220301	1400	775	3.26
20220301	1500	775	3.26
20220301	1600	763	3.24
20220301	1700	763	3.24
20220301	1801	769	3.25
20220301	1900	763	3.24
20220301	2000	769	3.25
20220301	2100	769	3.25
20220301	2200	775	3.26
20220301	2300	788	3.28
20220302	0000	781	3.27
20220302	0100	788	3.28
20220302	0200	794	3.29
20220302	0300	812	3.32
20220302	0400	831	3.35
20220302	0500	844	3.37
20220302	0600	857	3.39
20220302	0700	857	3.39
20220302	0800	863	3.40
20220302	0900	869	3.41
20220302	1000	882	3.43
20220302	1100	882	3.43
20220302	1200	895	3.45
20220302	1300	889	3.44
20220302	1400	889	3.44
20220302	1500	889	3.44
20220302	1600	882	3.43
20220302	1700	882	3.43
20220302	1800	869	3.41
20220302	1900	863	3.40
20220302	2000	857	3.39
20220302	2100	863	3.40
20220302	2200	857	3.39
20220302	2301	850	3.38
20220303	0001	850	3.38
20220303	0100	844	3.37
20220303	0200	850	3.38
20220303	0300	857	3.39
20220303	0400	863	3.40
20220303	0500	869	3.41
20220303	0601	876	3.42
20220303	0700	902	3.46
20220303	0800	922	3.49
20220303	0900	942	3.52
20220303	1000	963	3.55
20220303	1100	963	3.55
20220303	1200	956	3.54
20220303	1300	949	3.53
20220303	1400	949	3.53
20220303	1500	942	3.52
20220303	1600	935	3.51
20220303	1700	949	3.53
20220303	1800	956	3.54
20220303	1900	963	3.55
20220303	2000	963	3.55
20220303	2100	969	3.56
20220303	2200	963	3.55
20220303	2300	956	3.54
20220304	0000	949	3.53
20220304	0100	942	3.52
20220304	0200	929	3.50
20220304	0300	929	3.50
20220304	0400	922	3.49
20220304	0500	909	3.47
20220304	0600	902	3.46
20220304	0700	889	3.44
20220304	0800	882	3.43
20220304	0900	876	3.42
20220304	1000	869	3.41
20220304	1100	857	3.39
20220304	1200	844	3.37
20220304	1300	844	3.37
20220304	1400	825	3.34
20220304	1500	825	3.34
20220304	1600	819	3.33
20220304	1700	812	3.32
20220304	1800	806	3.31
20220304	1900	800	3.30
20220304	2000	800	3.30
20220304	2100	794	3.29
20220304	2200	788	3.28
20220304	2300	788	3.28
20220305	0000	781	3.27
20220305	0100	781	3.27
20220305	0200	788	3.28
20220305	0300	781	3.27
20220305	0400	775	3.26
20220305	0500	781	3.27
20220305	0600	769	3.25
20220305	0700	769	3.25
20220305	0800	769	3.25
20220305	0900	769	3.25
20220305	1000	763	3.24
20220305	1100	763	3.24
20220305	1200	757	3.23
20220305	1300	763	3.24
20220305	1400	757	3.23
20220305	1500	757	3.23
20220305	1600	757	3.23
20220305	1700	751	3.22
20220305	1800	751	3.22
20220305	1900	745	3.21
20220305	2000	745	3.21
20220305	2100	745	3.21
20220305	2200	745	3.21
20220305	2300	739	3.20
20220306	0000	739	3.20
20220306	0100	739	3.20
20220306	0200	739	3.20
20220306	0300	745	3.21
20220306	0400	733	3.19
20220306	0500	739	3.20
20220306	0600	739	3.20
20220306	0700	739	3.20
20220306	0800	733	3.19
20220306	0900	739	3.20
20220306	1000	739	3.20
20220306	1100	739	3.20
20220306	1200	745	3.21
20220306	1300	733	3.19
20220306	1400	739	3.20
20220306	1500	733	3.19
20220306	1600	733	3.19
20220306	1700	739	3.20
20220306	1800	733	3.19
20220306	1900	733	3.19
20220306	2000	733	3.19
20220306	2100	739	3.20
20220306	2200	739	3.20
20220306	2300	739	3.20
20220307	0000	745	3.21
20220307	0100	751	3.22
20220307	0200	757	3.23
20220307	0300	757	3.23
20220307	0400	763	3.24
20220307	0500	763	3.24
20220307	0600	781	3.27
20220307	0700	775	3.26
20220307	0800	788	3.28
20220307	0900	788	3.28
20220307	1000	800	3.30
20220307	1100	806	3.31
20220307	1200	812	3.32
20220307	1300	812	3.32
20220307	1400	812	3.32
20220307	1500	812	3.32
20220307	1600	825	3.34
20220307	1700	819	3.33
20220307	1800	819	3.33
20220307	1901	825	3.34
20220307	2000	850	3.38
20220307	2100	889	3.44
20220307	2200	902	3.46
20220307	2300	889	3.44
20220308	0000	876	3.42
20220308	0100	889	3.44
20220308	0200	882	3.43
20220308	0300	882	3.43
20220308	0400	876	3.42
20220308	0500	889	3.44
20220308	0600	882	3.43
20220308	0700	882	3.43
20220308	0800	882	3.43
20220308	0900	889	3.44
20220308	1000	895	3.45
20220308	1100	889	3.44
20220308	1200	889	3.44
20220308	1300	889	3.44
20220308	1400	882	3.43
20220308	1500	882	3.43
20220308	1600	876	3.42
20220308	1700	869	3.41
20220308	1800	857	3.39
20220308	1900	857	3.39
20220308	2000	844	3.37
20220308	2100	844	3.37
20220308	2200	837	3.36
20220308	2300	825	3.34
20220309	0000	825	3.34
20220309	0100	812	3.32
20220309	0200	806	3.31
20220309	0300	806	3.31
20220309	0400	800	3.30
20220309	0500	800	3.30
20220309	0600	794	3.29
20220309	0700	781	3.27
20220309	0800	781	3.27
20220309	0900	781	3.27
20220309	1000	788	3.28
20220309	1100	781	3.27
20220309	1201	794	3.29
20220309	1300	794	3.29
20220309	1400	800	3.30
20220309	1500	800	3.30
20220309	1600	800	3.30
20220309	1701	812	3.32
20220309	1801	812	3.32
20220309	1901	812	3.32
20220309	2000	812	3.32
20220309	2100	812	3.32
20220309	2200	812	3.32
20220309	2300	812	3.32
20220310	0000	819	3.33
20220310	0100	819	3.33
20220310	0201	812	3.32
20220310	0300	812	3.32
20220310	0400	806	3.31
20220310	0500	806	3.31
20220310	0600	806	3.31
20220310	0700	806	3.31
20220310	0800	806	3.31
20220310	0900	794	3.29
20220310	1000	800	3.30
20220310	1100	794	3.29
20220310	1201	788	3.28
20220310	1300	788	3.28
20220310	1400	788	3.28
20220310	1500	800	3.30
20220310	1600	806	3.31
20220310	1700	819	3.33
20220310	1800	844	3.37
20220310	1900	863	3.40
20220310	2000	876	3.42
20220310	2100	876	3.42
20220310	2200	869	3.41
20220310	2300	869	3.41
20220311	0000	850	3.38
20220311	0100	844	3.37
20220311	0200	837	3.36
20220311	0300	837	3.36
20220311	0400	844	3.37
20220311	0501	850	3.38
20220311	0600	863	3.40
20220311	0700	863	3.40
20220311	0800	869	3.41
20220311	0900	869	3.41
20220311	1000	869	3.41
20220311	1101	869	3.41
20220311	1200	869	3.41
20220311	1300	869	3.41
20220311	1400	869	3.41
20220311	1500	850	3.38
20220311	1600	844	3.37
20220311	1700	837	3.36
20220311	1800	831	3.35
20220311	1900	825	3.34
20220311	2000	819	3.33
20220311	2100	812	3.32
20220311	2200	812	3.32
20220311	2300	800	3.30
20220312	0000	806	3.31
20220312	0100	806	3.31
20220312	0200	806	3.31
20220312	0300	800	3.30
20220312	0400	800	3.30
20220312	0500	806	3.31
20220312	0600	812	3.32
20220312	0700	812	3.32
20220312	0800	819	3.33
20220312	0900	831	3.35
20220312	1000	844	3.37
20220312	1100	844	3.37
20220312	1200	863	3.40
20220312	1300	863	3.40
20220312	1400	863	3.40
20220312	1500	863	3.40
20220312	1600	869	3.41
20220312	1700	863	3.40
20220312	1800	863	3.40
20220312	1900	857	3.39
20220312	2000	857	3.39
20220312	2100	850	3.38
20220312	2200	850	3.38
20220312	2300	850	3.38
20220313	0000	837	3.36
20220313	0100	831	3.35
20220313	0200	825	3.34
20220313	0300	819	3.33
20220313	0400	812	3.32
20220313	0500	812	3.32
20220313	0601	806	3.31
20220313	0701	800	3.30
20220313	0800	794	3.29
20220313	0901	788	3.28
20220313	1000	781	3.27
20220313	1101	775	3.26
20220313	1200	769	3.25
20220313	1301	769	3.25
20220313	1401	769	3.25
20220313	1500	763	3.24
20220313	1600	757	3.23
20220313	1700	745	3.21
20220313	1800	739	3.20
20220313	1900	733	3.19
20220313	2000	739	3.20
20220313	2101	733	3.19
20220313	2201	733	3.19
20220313	2301	739	3.20
20220314	0001	739	3.20
20220314	0101	751	3.22
20220314	0200	751	3.22
20220314	0301	757	3.23
20220314	0400	757	3.23
20220314	0501	757	3.23
20220314	0600	757	3.23
20220314	0700	751	3.22
20220314	0800	745	3.21
20220314	0901	745	3.21
20220314	1001	739	3.20
20220314	1101	733	3.19
20220314	1200	728	3.18
20220314	1300	728	3.18
20220314	1401	722	3.17
20220314	1501	722	3.17
20220314	1601	733	3.19
20220314	1700	745	3.21
20220314	1800	757	3.23
20220314	1900	763	3.24
20220314	2000	775	3.26
20220314	2100	794	3.29
20220314	2200	806	3.31
20220314	2300	806	3.31
20220315	0000	800	3.30
20220315	0100	794	3.29
20220315	0200	794	3.29
20220315	0300	794	3.29
20220315	0400	800	3.30
20220315	0500	806	3.31
20220315	0600	819	3.33
20220315	0700	837	3.36
20220315	0800	844	3.37
20220315	0900	857	3.39
20220315	1000	869	3.41
20220315	1100	869	3.41
20220315	1200	863	3.40
20220315	1300	863	3.40
20220315	1400	857	3.39
20220315	1500	857	3.39
20220315	1600	850	3.38
20220315	1700	844	3.37
20220315	1800	831	3.35
20220315	1900	831	3.35
20220315	2000	825	3.34
20220315	2100	819	3.33
20220315	2200	819	3.33
20220315	2300	819	3.33
20220316	0000	819	3.33
20220316	0100	819	3.33
20220316	0200	819	3.33
20220316	0300	819	3.33
20220316	0400	831	3.35
20220316	0500	831	3.35
20220316	0600	844	3.37
20220316	0700	844	3.37
20220316	0800	850	3.38
20220316	0900	857	3.39
20220316	1000	863	3.40
20220316	1100	863	3.40
20220316	1200	863	3.40
20220316	1300	863	3.40
20220316	1400	863	3.40
20220316	1500	857	3.39
20220316	1600	857	3.39
20220316	1700	857	3.39
20220316	1800	857	3.39
20220316	1900	844	3.37
20220316	2001	844	3.37
20220316	2100	844	3.37
20220316	2200	837	3.36
20220316	2300	837	3.36
20220317	0000	837	3.36
20220317	0100	831	3.35
20220317	0200	825	3.34
20220317	0300	831	3.35
20220317	0400	831	3.35
20220317	0500	825	3.34
20220317	0600	825	3.34
20220317	0701	831	3.35
20220317	0800	831	3.35
20220317	0900	831	3.35
20220317	1000	831	3.35
20220317	1100	831	3.35
20220317	1200	825	3.34
20220317	1300	825	3.34
20220317	1400	825	3.34
20220317	1500	825	3.34
20220317	1600	825	3.34
20220317	1700	831	3.35
20220317	1800	825	3.34
20220317	1900	831	3.35
20220317	2001	831	3.35
20220317	2100	825	3.34
20220317	2200	837	3.36
20220317	2300	831	3.35
20220318	0000	837	3.36
20220318	0100	831	3.35
20220318	0200	831	3.35
20220318	0300	831	3.35
20220318	0400	831	3.35
20220318	0500	825	3.34
20220318	0600	831	3.35
20220318	0700	825	3.34
20220318	0800	825	3.34
20220318	0900	825	3.34
20220318	1000	819	3.33
20220318	1100	819	3.33
20220318	1200	812	3.32
20220318	1300	812	3.32
20220318	1400	819	3.33
20220318	1500	812	3.32
20220318	1600	812	3.32
20220318	1700	812	3.32
20220318	1800	806	3.31
20220318	1900	806	3.31
20220318	2001	800	3.30
20220318	2100	800	3.30
20220318	2200	794	3.29
20220318	2300	794	3.29
20220319	0000	794	3.29
20220319	0100	794	3.29
20220319	0200	794	3.29
20220319	0300	800	3.30
20220319	0400	800	3.30
20220319	0500	800	3.30
20220319	0600	794	3.29
20220319	0700	800	3.30
20220319	0800	794	3.29
20220319	0900	800	3.30
20220319	1000	794	3.29
20220319	1100	788	3.28
20220319	1200	788	3.28
20220319	1300	781	3.27
20220319	1401	781	3.27
20220319	1500	781	3.27
20220319	1600	781	3.27
20220319	1700	781	3.27
20220319	1800	788	3.28
20220319	1900	781	3.27
20220319	2000	781	3.27
20220319	2100	794	3.29
20220319	2200	806	3.31
20220319	2300	819	3.33
20220320	0000	819	3.33
20220320	0100	812	3.32
20220320	0200	812	3.32
20220320	0300	806	3.31
20220320	0400	800	3.30
20220320	0500	800	3.30
20220320	0600	794	3.29
20220320	0700	788	3.28
20220320	0800	788	3.28
20220320	0900	788	3.28
20220320	1000	781	3.27
20220320	1100	775	3.26
20220320	1200	769	3.25
20220320	1301	763	3.24
20220320	1400	763	3.24
20220320	1500	763	3.24
20220320	1600	757	3.23
20220320	1700	751	3.22
20220320	1800	751	3.22
20220320	1900	745	3.21
20220320	2000	745	3.21
20220320	2100	739	3.20
20220320	2200	733	3.19
20220320	2300	733	3.19
20220321	0001	728	3.18
20220321	0100	728	3.18
20220321	0200	722	3.17
20220321	0300	716	3.16
20220321	0400	716	3.16
20220321	0500	710	3.15
20220321	0600	710	3.15
20220321	0700	705	3.14
20220321	0800	710	3.15
20220321	0900	699	3.13
20220321	1000	699	3.13
20220321	1100	693	3.12
20220321	1200	693	3.12
20220321	1300	688	3.11
20220321	1400	688	3.11
20220321	1500	682	3.10
20220321	1601	682	3.10
20220321	1700	676	3.09
20220321	1800	676	3.09
20220321	1900	676	3.09
20220321	2000	671	3.08
20220321	2100	665	3.07
20220321	2200	665	3.07
20220321	2300	665	3.07
20220322	0000	665	3.07
20220322	0100	660	3.06
20220322	0200	660	3.06
20220322	0300	654	3.05
20220322	0400	654	3.05
20220322	0500	654	3.05
20220322	0600	654	3.05
20220322	0700	649	3.04
20220322	0800	644	3.03
20220322	0900	644	3.03
20220322	1000	638	3.02
20220322	1100	638	3.02
20220322	1200	638	3.02
20220322	1300	633	3.01
20220322	1400	633	3.01
20220322	1500	633	3.01
20220322	1600	627	3.00
20220322	1700	627	3.00
20220322	1800	627	3.00
20220322	1900	622	2.99
20220322	2000	622	2.99
20220322	2100	622	2.99
20220322	2200	617	2.98
20220322	2300	617	2.98
20220323	0000	617	2.98
20220323	0100	611	2.97
20220323	0200	611	2.97
20220323	0301	606	2.96
20220323	0400	606	2.96
20220323	0500	606	2.96
20220323	0600	606	2.96
20220323	0700	606	2.96
20220323	0800	601	2.95
20220323	0900	601	2.95
20220323	1000	596	2.94
20220323	1101	596	2.94
20220323	1200	596	2.94
20220323	1300	596	2.94
20220323	1400	596	2.94
20220323	1500	596	2.94
20220323	1600	591	2.93
20220323	1700	591	2.93
20220323	1800	591	2.93
20220323	1900	591	2.93
20220323	2001	585	2.92
20220323	2100	591	2.93
20220323	2200	596	2.94
20220323	2300	601	2.95
20220324	0000	601	2.95
20220324	0100	601	2.95
20220324	0200	606	2.96
20220324	0300	611	2.97
20220324	0400	617	2.98
20220324	0500	617	2.98
20220324	0601	617	2.98
20220324	0700	622	2.99
20220324	0800	622	2.99
20220324	0900	622	2.99
20220324	1000	622	2.99
20220324	1100	622	2.99
20220324	1200	617	2.98
20220324	1300	617	2.98
20220324	1400	617	2.98
20220324	1500	611	2.97
20220324	1600	611	2.97
20220324	1700	611	2.97
20220324	1800	611	2.97
20220324	1900	606	2.96
20220324	2000	606	2.96
20220324	2100	606	2.96
20220324	2200	606	2.96
20220324	2300	617	2.98
20220325	0000	622	2.99
20220325	0100	638	3.02
20220325	0200	654	3.05
20220325	0300	693	3.12
20220325	0400	733	3.19
20220325	0500	751	3.22
20220325	0600	745	3.21
20220325	0700	733	3.19
20220325	0801	728	3.18
20220325	0900	716	3.16
20220325	1000	710	3.15
20220325	1100	710	3.15
20220325	1200	699	3.13
20220325	1300	699	3.13
20220325	1400	693	3.12
20220325	1500	693	3.12
20220325	1600	705	3.14
20220325	1700	705	3.14
20220325	1800	705	3.14
20220325	1900	705	3.14
20220325	2000	699	3.13
20220325	2100	693	3.12
20220325	2200	688	3.11
20220325	2300	682	3.10
20220326	0000	671	3.08
20220326	0100	665	3.07
20220326	0200	660	3.06
20220326	0300	654	3.05
20220326	0400	644	3.03
20220326	0500	644	3.03
20220326	0600	638	3.02
20220326	0700	633	3.01
20220326	0800	627	3.00
20220326	0900	622	2.99
20220326	1000	622	2.99
20220326	1100	617	2.98
20220326	1200	611	2.97
20220326	1300	606	2.96
20220326	1400	601	2.95
20220326	1500	606	2.96
20220326	1600	601	2.95
20220326	1700	601	2.95
20220326	1800	596	2.94
20220326	1900	596	2.94
20220326	2000	591	2.93
20220326	2100	591	2.93
20220326	2200	585	2.92
20220326	2300	585	2.92
20220327	0000	580	2.91
20220327	0100	580	2.91
20220327	0200	580	2.91
20220327	0300	575	2.90
20220327	0400	570	2.89
20220327	0500	570	2.89
20220327	0600	570	2.89
20220327	0700	565	2.88
20220327	0800	565	2.88
20220327	0900	565	2.88
20220327	1000	560	2.87
20220327	1100	560	2.87
20220327	1200	560	2.87
20220327	1300	555	2.86
20220327	1400	550	2.85
20220327	1500	550	2.85
20220327	1600	545	2.84
20220327	1700	545	2.84
20220327	1800	545	2.84
20220327	1900	540	2.83
20220327	2000	540	2.83
20220327	2100	535	2.82
20220327	2200	535	2.82
20220327	2300	530	2.81
20220328	0000	535	2.82
20220328	0100	530	2.81
20220328	0200	525	2.80
20220328	0300	525	2.80
20220328	0400	521	2.79
20220328	0500	521	2.79
20220328	0600	521	2.79
20220328	0700	516	2.78
20220328	0800	516	2.78
20220328	0900	511	2.77
20220328	1000	516	2.78
20220328	1100	511	2.77
20220328	1200	511	2.77
20220328	1300	506	2.76
20220328	1400	506	2.76
20220328	1500	506	2.76
20220328	1600	506	2.76
20220328	1701	502	2.75
20220328	1800	502	2.75
20220328	1900	502	2.75
20220328	2000	497	2.74
20220328	2100	497	2.74
20220328	2200	492	2.73
20220328	2300	492	2.73
20220329	0000	492	2.73
20220329	0100	492	2.73
20220329	0200	487	2.72
20220329	0300	483	2.71
20220329	0400	483	2.71
20220329	0500	483	2.71
20220329	0600	483	2.71
20220329	0700	478	2.70
20220329	0800	478	2.70
20220329	0900	478	2.70
20220329	1000	478	2.70
20220329	1100	474	2.69
20220329	1200	474	2.69
20220329	1300	474	2.69
20220329	1400	474	2.69
20220329	1500	469	2.68
20220329	1600	469	2.68
20220329	1700	469	2.68
20220329	1800	469	2.68
20220329	1900	464	2.67
20220329	2001	464	2.67
20220329	2100	464	2.67
20220329	2200	460	2.66
20220329	2300	460	2.66
20220330	0000	460	2.66
20220330	0100	460	2.66
20220330	0200	460	2.66
20220330	0300	460	2.66
20220330	0400	455	2.65
20220330	0500	460	2.66
20220330	0600	460	2.66
20220330	0700	460	2.66
20220330	0800	460	2.66
20220330	0900	455	2.65
20220330	1000	455	2.65
20220330	1100	455	2.65
20220330	1200	455	2.65
20220330	1300	455	2.65
20220330	1400	455	2.65
20220330	1500	455	2.65
20220330	1600	455	2.65
20220330	1700	455	2.65
20220330	1800	455	2.65
20220330	1900	455	2.65
20220330	2000	451	2.64
20220330	2100	451	2.64
20220330	2200	455	2.65
20220330	2300	451	2.64
20220331	0000	451	2.64
20220331	0100	451	2.64
20220331	0200	451	2.64
20220331	0300	451	2.64
20220331	0400	451	2.64
20220331	0500	446	2.63
20220331	0600	446	2.63
20220331	0700	446	2.63
20220331	0800	451	2.64
20220331	0900	446	2.63
20220331	1000	451	2.64
20220331	1100	451	2.64
20220331	1200	455	2.65
20220331	1300	464	2.67
20220331	1400	464	2.67
20220331	1500	469	2.68
20220331	1600	469	2.68
20220331	1700	474	2.69
20220331	1800	474	2.69
20220331	1900	474	2.69
20220331	2000	497	2.74
20220331	2100	555	2.86
20220331	2200	1040	3.66
20220331	2300	1230	3.91
20220401	0000	1150	3.81
20220401	0100	1070	3.70
20220401	0200	1000	3.61
20220401	0300	976	3.57
20220401	0400	956	3.54
20220401	0500	949	3.53
20220401	0600	929	3.50
20220401	0700	956	3.54
20220401	0800	1010	3.62
20220401	0900	1030	3.65
20220401	1000	1030	3.64
20220401	1100	1010	3.62
20220401	1201	990	3.59
20220401	1300	956	3.54
20220401	1400	949	3.53
20220401	1501	915	3.48
20220401	1600	895	3.45
20220401	1700	876	3.42
20220401	1800	850	3.38
20220401	1900	837	3.36
20220401	2000	819	3.33
20220401	2101	800	3.30
20220401	2200	781	3.27
20220401	2300	769	3.25
20220402	0000	757	3.23
20220402	0100	739	3.20
20220402	0200	733	3.19
20220402	0300	722	3.17
20220402	0400	716	3.16
20220402	0500	705	3.14
20220402	0600	705	3.14
20220402	0700	693	3.12
20220402	0800	688	3.11
20220402	0900	688	3.11
20220402	1000	682	3.10
20220402	1100	676	3.09
20220402	1200	671	3.08
20220402	1300	665	3.07
20220402	1400	660	3.06
20220402	1500	665	3.07
20220402	1600	660	3.06
20220402	1700	654	3.05
20220402	1800	654	3.05
20220402	1900	654	3.05
20220402	2000	649	3.04
20220402	2100	644	3.03
20220402	2200	644	3.03
20220402	2300	644	3.03
20220403	0000	638	3.02
20220403	0100	638	3.02
20220403	0200	638	3.02
20220403	0300	638	3.02
20220403	0400	638	3.02
20220403	0500	633	3.01
20220403	0600	633	3.01
20220403	0700	633	3.01
20220403	0800	627	3.00
20220403	0900	627	3.00
20220403	1000	627	3.00
20220403	1100	627	3.00
20220403	1200	627	3.00
20220403	1300	633	3.01
20220403	1400	627	3.00
20220403	1500	627	3.00
20220403	1600	627	3.00
20220403	1700	633	3.01
20220403	1800	627	3.00
20220403	1900	633	3.01
20220403	2000	627	3.00
20220403	2100	622	2.99
20220403	2200	627	3.00
20220403	2300	617	2.98
20220404	0000	617	2.98
20220404	0100	622	2.99
20220404	0200	617	2.98
20220404	0300	617	2.98
20220404	0400	617	2.98
20220404	0500	617	2.98
20220404	0600	611	2.97
20220404	0700	611	2.97
20220404	0800	611	2.97
20220404	0900	611	2.97
20220404	1000	606	2.96
20220404	1100	601	2.95
20220404	1200	601	2.95
20220404	1300	596	2.94
20220404	1400	601	2.95
20220404	1500	596	2.94
20220404	1600	596	2.94
20220404	1700	596	2.94
20220404	1800	596	2.94
20220404	1900	591	2.93
20220404	2000	585	2.92
20220404	2100	585	2.92
20220404	2200	580	2.91
20220404	2300	585	2.92
20220405	0000	580	2.91
20220405	0100	575	2.90
20220405	0200	575	2.90
20220405	0300	575	2.90
20220405	0400	570	2.89
20220405	0500	570	2.89
20220405	0600	570	2.89
20220405	0700	570	2.89
20220405	0800	570	2.89
20220405	0900	565	2.88
20220405	1000	560	2.87
20220405	1100	560	2.87
20220405	1200	560	2.87
20220405	1300	555	2.86
20220405	1400	560	2.87
20220405	1500	555	2.86
20220405	1600	555	2.86
20220405	1700	550	2.85
20220405	1800	550	2.85
20220405	1900	550	2.85
20220405	2000	550	2.85
20220405	2100	550	2.85
20220405	2200	545	2.84
20220405	2300	545	2.84
20220406	0000	550	2.85
20220412	1020	942	3.52
20220412	1120	942	3.52
20220412	1220	935	3.51
20220412	1320	935	3.51
20220412	1420	990	3.59
20220412	1520	990	3.59
20220412	1620	990	3.59
20220412	1720	976	3.57
20220412	1820	969	3.56
20220412	1920	969	3.56
20220412	2020	969	3.56
20220412	2120	956	3.54
20220412	2220	956	3.54
20220412	2320	949	3.53
20220413	0020	942	3.52
20220413	0120	935	3.51
20220413	0220	942	3.52
20220413	0320	929	3.50
20220413	0420	929	3.50
20220413	0520	922	3.49
20220413	0620	915	3.48
20220413	0720	909	3.47
20220413	0820	909	3.47
20220413	0920	895	3.45
20220413	1020	895	3.45
20220413	1120	895	3.45
20220413	1220	889	3.44
20220413	1320	882	3.43
20220413	1420	876	3.42
20220413	1520	876	3.42
20220413	1620	869	3.41
20220413	1720	869	3.41
20220413	1820	863	3.40
20220413	1920	863	3.40
20220413	2020	857	3.39
20220413	2120	857	3.39
20220413	2220	850	3.38
20220413	2320	850	3.38
20220414	0020	850	3.38
20220414	0120	844	3.37
20220414	0220	844	3.37
20220414	0320	844	3.37
20220414	0420	837	3.36
20220414	0520	837	3.36
20220414	0620	831	3.35
20220414	0720	837	3.36
20220414	0820	825	3.34
20220414	0920	825	3.34
20220414	1020	819	3.33
20220414	1120	819	3.33
20220414	1220	812	3.32
20220414	1320	812	3.32
20220414	1420	812	3.32
20220414	1520	806	3.31
20220414	1620	806	3.31
20220414	1720	800	3.30
20220414	1820	794	3.29
20220414	1920	794	3.29
20220414	2020	794	3.29
20220414	2120	788	3.28
20220414	2220	781	3.27
20220414	2320	781	3.27
20220415	0020	775	3.26
20220415	0120	775	3.26
20220415	0220	769	3.25
20220415	0320	769	3.25
20220415	0420	757	3.23
20220415	0520	757	3.23
20220415	0620	751	3.22
20220415	0720	751	3.22
20220415	0820	745	3.21
20220415	0920	739	3.20
20220415	1020	739	3.20
20220415	1120	739	3.20
20220415	1220	733	3.19
20220415	1322	728	3.18
20220415	1420	728	3.18
20220415	1520	716	3.16
20220415	1620	716	3.16
20220415	1720	716	3.16
20220415	1820	710	3.15
20220415	1920	705	3.14
20220415	2020	705	3.14
20220415	2120	699	3.13
20220415	2220	693	3.12
20220415	2320	693	3.12
20220416	0020	693	3.12
20220416	0120	688	3.11
20220416	0220	688	3.11
20220416	0320	682	3.10
20220416	0420	682	3.10
20220416	0520	676	3.09
20220416	0620	682	3.10
20220416	0720	676	3.09
20220416	0820	682	3.10
20220416	0920	676	3.09
20220416	1020	676	3.09
20220416	1120	676	3.09
20220416	1220	676	3.09
20220416	1320	676	3.09
20220416	1420	676	3.09
20220416	1520	671	3.08
20220416	1620	671	3.08
20220416	1720	665	3.07
20220416	1820	671	3.08
20220416	1920	665	3.07
20220416	2020	665	3.07
20220416	2120	665	3.07
20220416	2220	660	3.06
20220416	2320	665	3.07
20220417	0020	665	3.07
20220417	0120	660	3.06
20220417	0220	660	3.06
20220417	0320	654	3.05
20220417	0420	660	3.06
20220417	0520	649	3.04
20220417	0620	649	3.04
20220417	0720	649	3.04
20220417	0820	644	3.03
20220417	0920	644	3.03
20220417	1020	644	3.03
20220417	1120	638	3.02
20220417	1220	633	3.01
20220417	1320	633	3.01
20220417	1420	633	3.01
20220417	1520	622	2.99
20220417	1620	627	3.00
20220417	1720	622	2.99
20220417	1820	622	2.99
20220417	1920	622	2.99
20220417	2020	622	2.99
20220417	2120	611	2.97
20220417	2220	611	2.97
20220417	2320	606	2.96
20220418	0020	606	2.96
20220418	0120	606	2.96
20220418	0220	601	2.95
20220418	0320	596	2.94
20220418	0420	596	2.94
20220418	0520	591	2.93
20220418	0620	585	2.92
20220418	0720	580	2.91
20220418	0820	580	2.91
20220418	0920	580	2.91
20220418	1020	580	2.91
20220418	1120	575	2.90
20220418	1220	575	2.90
20220418	1320	570	2.89
20220418	1420	570	2.89
20220418	1520	575	2.90
20220418	1620	580	2.91
20220418	1720	585	2.92
20220418	1820	591	2.93
20220418	1920	596	2.94
20220418	2020	601	2.95
20220418	2120	606	2.96
20220418	2220	617	2.98
20220418	2320	622	2.99
20220419	0020	627	3.00
20220419	0120	627	3.00
20220419	0220	627	3.00
20220419	0320	627	3.00
20220419	0420	627	3.00
20220419	0520	649	3.04
20220419	0620	654	3.05
20220419	0720	654	3.05
20220419	0820	660	3.06
20220419	0920	671	3.08
20220419	1020	676	3.09
20220419	1120	693	3.12
20220419	1220	705	3.14
20220419	1320	733	3.19
20220419	1420	800	3.30
20220419	1520	850	3.38
20220419	1620	882	3.43
20220419	1720	895	3.45
20220419	1820	889	3.44
20220419	1920	869	3.41
20220419	2020	850	3.38
20220419	2120	825	3.34
20220419	2220	800	3.30
20220419	2320	800	3.30
20220420	0020	763	3.24
20220420	0120	757	3.23
20220420	0220	745	3.21
20220420	0320	745	3.21
20220420	0420	745	3.21
20220420	0520	745	3.21
20220420	0620	745	3.21
20220420	0720	751	3.22
20220420	0820	757	3.23
20220420	0920	763	3.24
20220420	1020	757	3.23
20220420	1120	757	3.23
20220420	1220	745	3.21
20220420	1320	739	3.20
20220420	1420	728	3.18
20220420	1520	716	3.16
20220420	1620	705	3.14
20220420	1720	699	3.13
20220420	1820	688	3.11
20220420	1920	676	3.09
20220420	2020	671	3.08
20220420	2120	660	3.06
20220420	2220	654	3.05
20220420	2320	649	3.04
20220421	0020	644	3.03
20220421	0120	644	3.03
20220421	0220	638	3.02
20220421	0320	633	3.01
20220421	0420	633	3.01
20220421	0520	622	2.99
20220421	0620	622	2.99
20220421	0720	617	2.98
20220421	0820	617	2.98
20220421	0920	617	2.98
20220421	1020	611	2.97
20220421	1120	611	2.97
20220421	1220	606	2.96
20220421	1320	611	2.97
20220421	1420	611	2.97
20220421	1520	617	2.98
20220421	1620	617	2.98
20220421	1720	611	2.97
20220421	1820	611	2.97
20220421	1820	611	2.97
20220421	1920	617	2.98
20220421	1920	617	2.98
20220421	2020	617	2.98
20220421	2020	617	2.98
20220421	2120	617	2.98
20220421	2120	617	2.98
20220421	2220	611	2.97
20220421	2220	611	2.97
20220421	2320	611	2.97
20220421	2320	611	2.97
20220422	0020	611	2.97
20220422	0020	611	2.97
20220422	0120	606	2.96
20220422	0120	606	2.96
20220422	0220	601	2.95
20220422	0220	601	2.95
20220422	0320	606	2.96
20220422	0320	606	2.96
20220422	0420	606	2.96
20220422	0420	606	2.96
20220422	0520	606	2.96
20220422	0520	606	2.96
20220422	0620	606	2.96
20220422	0620	606	2.96
20220422	0720	606	2.96
20220422	0720	606	2.96
20220422	0820	596	2.94
20220422	0820	596	2.94
20220422	0920	596	2.94
20220422	0920	596	2.94
20220422	1020	596	2.94
20220422	1020	596	2.94
20220422	1120	596	2.94
20220422	1120	596	2.94
20220422	1220	596	2.94
20220422	1220	596	2.94
20220422	1320	596	2.94
20220422	1320	596	2.94
20220422	1420	596	2.94
20220422	1420	596	2.94
20220422	1520	591	2.93
20220422	1520	591	2.93
20220422	1620	591	2.93
20220422	1620	591	2.93
20220422	1720	585	2.92
20220422	1720	585	2.92
20220422	1820	585	2.92
20220422	1820	585	2.92
20220422	1920	580	2.91
20220422	1920	580	2.91
20220422	2020	575	2.90
20220422	2020	575	2.90
20220422	2120	575	2.90
20220422	2120	575	2.90
20220422	2220	570	2.89
20220422	2220	570	2.89
20220422	2320	570	2.89
20220422	2320	570	2.89
20220423	0020	570	2.89
20220423	0020	570	2.89
20220423	0120	565	2.88
20220423	0120	565	2.88
20220423	0220	565	2.88
20220423	0220	565	2.88
20220423	0320	565	2.88
20220423	0320	565	2.88
20220423	0420	565	2.88
20220423	0420	565	2.88
20220423	0520	560	2.87
20220423	0520	560	2.87
20220423	0620	555	2.86
20220423	0620	555	2.86
20220423	0720	555	2.86
20220423	0720	555	2.86
20220423	0820	555	2.86
20220423	0820	555	2.86
20220423	0920	550	2.85
20220423	0920	550	2.85
20220423	1020	550	2.85
20220423	1020	550	2.85
20220423	1120	555	2.86
20220423	1120	555	2.86
20220423	1220	550	2.85
20220423	1220	550	2.85
20220423	1320	545	2.84
20220423	1320	545	2.84
20220423	1420	540	2.83
20220423	1420	540	2.83
20220423	1520	545	2.84
20220423	1520	545	2.84
20220423	1620	540	2.83
20220423	1620	540	2.83
20220423	1720	540	2.83
20220423	1720	540	2.83
20220423	1820	540	2.83
20220423	1820	540	2.83
20220423	1920	540	2.83
20220423	1920	540	2.83
20220423	2020	535	2.82
20220423	2020	535	2.82
20220423	2120	540	2.83
20220423	2120	540	2.83
20220423	2220	540	2.83
20220423	2220	540	2.83
20220423	2320	535	2.82
20220423	2320	535	2.82
20220424	0020	535	2.82
20220424	0020	535	2.82
20220424	0120	535	2.82
20220424	0120	535	2.82
20220424	0220	535	2.82
20220424	0220	535	2.82
20220424	0320	535	2.82
20220424	0320	535	2.82
20220424	0420	535	2.82
20220424	0420	535	2.82
20220424	0520	530	2.81
20220424	0520	530	2.81
20220424	0620	530	2.81
20220424	0620	530	2.81
20220424	0720	530	2.81
20220424	0720	530	2.81
20220424	0820	530	2.81
20220424	0820	530	2.81
20220424	0920	530	2.81
20220424	0920	530	2.81
20220424	1020	530	2.81
20220424	1020	530	2.81
20220424	1120	525	2.80
20220424	1120	525	2.80
20220424	1220	525	2.80
20220424	1220	525	2.80
20220424	1320	525	2.80
20220424	1320	525	2.80
20220424	1420	525	2.80
20220424	1420	525	2.80
20220424	1520	525	2.80
20220424	1520	525	2.80
20220424	1620	525	2.80
20220424	1620	525	2.80
20220424	1720	525	2.80
20220424	1720	525	2.80
20220424	1820	525	2.80
20220424	1820	525	2.80
20220424	1920	521	2.79
20220424	1920	521	2.79
20220424	2020	521	2.79
20220424	2020	521	2.79
20220424	2120	521	2.79
20220424	2120	521	2.79
20220424	2220	521	2.79
20220424	2220	521	2.79
20220424	2320	521	2.79
20220424	2320	521	2.79
20220425	0020	516	2.78
20220425	0020	516	2.78
20220425	0120	516	2.78
20220425	0120	516	2.78
20220425	0220	516	2.78
20220425	0220	516	2.78
20220425	0320	516	2.78
20220425	0320	516	2.78
20220425	0420	516	2.78
20220425	0420	516	2.78
20220425	0520	516	2.78
20220425	0520	516	2.78
20220425	0620	516	2.78
20220425	0620	516	2.78
20220425	0720	516	2.78
20220425	0720	516	2.78
20220425	0820	516	2.78
20220425	0820	516	2.78
20220425	0920	516	2.78
20220425	0920	516	2.78
20220425	1020	511	2.77
20220425	1020	511	2.77
20220425	1120	511	2.77
20220425	1120	511	2.77
20220425	1220	511	2.77
20220425	1220	511	2.77
20220425	1320	506	2.76
20220425	1320	506	2.76
20220425	1420	511	2.77
20220425	1420	511	2.77
20220425	1520	506	2.76
20220425	1520	506	2.76
20220425	1620	506	2.76
20220425	1620	506	2.76
20220425	1720	502	2.75
20220425	1720	502	2.75
20220425	1820	506	2.76
20220425	1820	506	2.76
20220425	1920	502	2.75
20220425	1920	502	2.75
20220425	2020	502	2.75
20220425	2020	502	2.75
20220425	2120	502	2.75
20220425	2120	502	2.75
20220425	2220	502	2.75
20220425	2220	502	2.75
20220425	2320	497	2.74
20220425	2320	497	2.74
20220426	0020	497	2.74
20220426	0020	497	2.74
20220426	0120	497	2.74
20220426	0120	497	2.74
20220426	0220	497	2.74
20220426	0220	497	2.74
20220426	0320	497	2.74
20220426	0320	497	2.74
20220426	0420	497	2.74
20220426	0420	497	2.74
20220426	0520	497	2.74
20220426	0520	497	2.74
20220426	0620	492	2.73
20220426	0620	492	2.73
20220426	0720	492	2.73
20220426	0720	492	2.73
20220426	0820	492	2.73
20220426	0820	492	2.73
20220426	0920	492	2.73
20220426	0920	492	2.73
20220426	1020	497	2.74
20220426	1020	497	2.74
20220426	1120	502	2.75
20220426	1120	502	2.75
20220426	1220	506	2.76
20220426	1220	506	2.76
20220426	1320	511	2.77
20220426	1320	511	2.77
20220426	1420	506	2.76
20220426	1420	506	2.76
20220426	1520	511	2.77
20220426	1520	511	2.77
20220426	1620	511	2.77
20220426	1620	511	2.77
20220426	1720	516	2.78
20220426	1720	516	2.78
20220426	1820	516	2.78
20220426	1820	516	2.78
20220426	1920	516	2.78
20220426	1920	516	2.78
20220426	2020	511	2.77
20220426	2020	511	2.77
20220426	2120	511	2.77
20220426	2120	511	2.77
20220426	2220	511	2.77
20220426	2220	511	2.77
20220426	2320	506	2.76
20220426	2320	506	2.76
20220427	0020	506	2.76
20220427	0020	506	2.76
20220427	0120	506	2.76
20220427	0120	506	2.76
20220427	0220	506	2.76
20220427	0220	506	2.76
20220427	0320	506	2.76
20220427	0320	506	2.76
20220427	0420	502	2.75
20220427	0420	502	2.75
20220427	0520	502	2.75
20220427	0520	502	2.75
20220427	0620	502	2.75
20220427	0620	502	2.75
20220427	0720	497	2.74
20220427	0720	497	2.74
20220427	0820	497	2.74
20220427	0820	497	2.74
20220427	0920	502	2.75
20220427	0920	502	2.75
20220427	1020	497	2.74
20220427	1020	497	2.74
20220427	1120	497	2.74
20220427	1120	497	2.74
20220427	1220	497	2.74
20220427	1220	497	2.74
20220427	1320	492	2.73
20220427	1320	492	2.73
20220427	1420	492	2.73
20220427	1420	492	2.73
20220427	1520	487	2.72
20220427	1520	487	2.72
20220427	1620	492	2.73
20220427	1620	492	2.73
20220427	1720	487	2.72
20220427	1720	487	2.72
20220427	1820	487	2.72
20220427	1820	487	2.72
20220427	1920	483	2.71
20220427	1920	483	2.71
20220427	2020	483	2.71
20220427	2020	483	2.71
20220427	2120	483	2.71
20220427	2120	483	2.71
20220427	2220	478	2.70
20220427	2220	478	2.70
20220427	2320	474	2.69
20220427	2320	474	2.69
20220428	1124	460	2.66
20220428	1224	460	2.66
20220428	1324	460	2.66
20220428	1424	455	2.65
20220428	1524	455	2.65
20220428	1624	451	2.64
20220428	1724	451	2.64
20220428	1824	451	2.64
20220428	1924	451	2.64
20220428	2024	446	2.63
20220428	2124	446	2.63
20220428	2224	442	2.62
20220428	2324	446	2.63
20220429	0024	446	2.63
20220429	0124	442	2.62
20220429	0224	442	2.62
20220429	0324	442	2.62
20220429	0424	442	2.62
20220429	0524	438	2.61
20220429	0624	438	2.61
20220429	0724	442	2.62
20220429	0824	438	2.61
20220429	0924	433	2.60
20220429	1024	438	2.61
20220429	1124	433	2.60
20220429	1224	433	2.60
20220429	1324	429	2.59
20220429	1424	429	2.59
20220429	1524	429	2.59
20220429	1624	429	2.59
20220429	1724	429	2.59
20220429	1824	425	2.58
20220429	1924	425	2.58
20220429	2024	425	2.58
20220429	2124	425	2.58
20220429	2224	425	2.58
20220429	2324	425	2.58
20220430	0024	425	2.58
20220430	0124	420	2.57
20220430	0224	420	2.57
20220430	0324	420	2.57
20220430	0424	420	2.57
20220430	0524	420	2.57
20220430	0624	420	2.57
20220430	0724	416	2.56
20220430	0824	416	2.56
20220430	0924	416	2.56
20220430	1024	416	2.56
20220430	1124	412	2.55
20220430	1224	412	2.55
20220430	1324	412	2.55
20220430	1424	416	2.56
20220430	1524	412	2.55
20220430	1624	412	2.55
20220430	1724	412	2.55
20220430	1824	412	2.55
20220430	1924	412	2.55
20220430	2024	407	2.54
20220430	2124	407	2.54
20220430	2224	407	2.54
20220430	2324	407	2.54
20220501	0024	407	2.54
20220501	0124	407	2.54
20220501	0224	407	2.54
20220501	0324	407	2.54
20220501	0424	407	2.54
20220501	0524	407	2.54
20220501	0624	403	2.53
20220501	0724	403	2.53
20220501	0824	403	2.53
20220501	0924	403	2.53
20220501	1024	403	2.53
20220501	1124	399	2.52
20220501	1224	403	2.53
20220501	1324	399	2.52
20220501	1424	399	2.52
20220501	1524	403	2.53
20220501	1624	403	2.53
20220501	1724	407	2.54
20220501	1824	412	2.55
20220501	1924	412	2.55
20220501	2024	412	2.55
20220501	2124	412	2.55
20220501	2224	416	2.56
20220501	2324	412	2.55
20220502	0024	416	2.56
20220502	0124	416	2.56
20220502	0224	420	2.57
20220502	0324	433	2.60
20220502	0424	433	2.60
20220502	0524	433	2.60
20220502	0624	433	2.60
20220502	0724	429	2.59
20220502	0824	433	2.60
20220502	0924	433	2.60
20220502	1024	433	2.60
20220502	1124	433	2.60
20220502	1224	433	2.60
20220502	1324	433	2.60
20220502	1424	433	2.60
20220502	1524	438	2.61
20220502	1624	438	2.61
20220502	1724	438	2.61
20220502	1824	438	2.61
20220502	1924	438	2.61
20220502	2024	438	2.61
20220502	2124	438	2.61
20220502	2224	438	2.61
20220502	2324	433	2.60
20220503	0024	433	2.60
20220503	0124	433	2.60
20220503	0224	429	2.59
20220503	0324	429	2.59
20220503	0424	429	2.59
20220503	0524	425	2.58
20220503	0624	425	2.58
20220503	0724	425	2.58
20220503	0824	420	2.57
20220503	0924	416	2.56
20220503	1024	416	2.56
20220503	1124	412	2.55
20220503	1224	412	2.55
20220503	1324	407	2.54
20220503	1424	407	2.54
20220503	1524	403	2.53
20220503	1624	407	2.54
20220503	1724	403	2.53
20220503	1824	399	2.52
20220503	1924	399	2.52
20220503	2024	399	2.52
20220503	2124	399	2.52
20220503	2224	399	2.52
20220503	2324	395	2.51
20220504	0024	412	2.55
20220504	0124	420	2.57
20220504	0224	425	2.58
20220504	0324	438	2.61
20220504	0424	442	2.62
20220504	0524	451	2.64
20220504	0624	469	2.68
20220504	0724	497	2.74
20220504	0824	511	2.77
20220504	0924	502	2.75
20220504	1024	497	2.74
20220504	1124	492	2.73
20220504	1224	487	2.72
20220504	1324	483	2.71
20220504	1424	478	2.70
20220504	1524	478	2.70
20220504	1624	487	2.72
20220504	1724	487	2.72
20220504	1824	487	2.72
20220504	1924	497	2.74
20220504	2024	497	2.74
20220504	2124	502	2.75
20220504	2224	502	2.75
20220504	2324	502	2.75
20220505	0024	497	2.74
20220505	0124	502	2.75
20220505	0224	497	2.74
20220505	0324	502	2.75
20220505	0424	497	2.74
20220505	0524	492	2.73
20220505	0624	487	2.72
20220505	0724	483	2.71
20220505	0824	474	2.69
20220505	0924	469	2.68
20220505	1024	464	2.67
20220505	1124	460	2.66
20220505	1224	455	2.65
20220505	1324	451	2.64
20220505	1424	446	2.63
20220505	1524	446	2.63
20220505	1624	442	2.62
20220505	1724	438	2.61
20220505	1824	438	2.61
20220505	1924	433	2.60
20220505	2024	433	2.60
20220505	2126	429	2.59
20220505	2224	429	2.59
20220505	2324	425	2.58
20220506	0024	425	2.58
20220506	0124	420	2.57
20220506	0224	420	2.57
20220506	0324	420	2.57
20220506	0424	420	2.57
20220506	0524	416	2.56
20220506	0624	416	2.56
20220506	0724	416	2.56
20220506	0824	420	2.57
20220506	0924	425	2.58
20220506	1024	429	2.59
20220506	1124	442	2.62
20220506	1224	460	2.66
20220506	1324	506	2.76
20220506	1424	601	2.95
20220506	1524	688	3.11
20220506	1624	800	3.30
20220506	1724	915	3.48
20220506	1824	1040	3.66
20220506	1924	1180	3.85
20220506	2024	1290	3.99
20220506	2124	1380	4.10
20220506	2224	1470	4.21
20220506	2324	1520	4.26
20220507	0024	1600	4.36
20220507	0124	1700	4.46
20220507	0224	1840	4.61
20220507	0324	2000	4.77
20220507	0424	2170	4.93
20220507	0524	2270	5.03
20220507	0624	2370	5.12
20220507	0724	2490	5.23
20220507	0824	2610	5.34
20220507	0924	2720	5.45
20220507	1024	2870	5.60
20220507	1124	2990	5.72
20220507	1224	3150	5.88
20220507	1324	3290	6.01
20220507	1424	3440	6.16
20220507	1524	3540	6.25
20220507	1624	3590	6.29
20220507	1724	3630	6.33
20220507	1824	3640	6.34
20220507	1924	3610	6.31
20220507	2024	3600	6.30
20220507	2124	3600	6.30
20220507	2224	3640	6.34
20220507	2324	3620	6.32
20220508	0024	3630	6.33
20220508	0124	3630	6.33
20220508	0224	3620	6.32
20220508	0324	3600	6.30
20220508	0424	3550	6.26
20220508	0524	3520	6.23
20220508	0624	3460	6.17
20220508	0724	3430	6.15
20220508	0824	3390	6.11
20220508	0924	3330	6.05
20220508	1024	3290	6.01
20220508	1124	3240	5.97
20220508	1224	3190	5.92
20220508	1324	3150	5.88
20220508	1424	3100	5.83
20220508	1524	3080	5.81
20220508	1624	3040	5.77
20220508	1724	2980	5.71
20220508	1824	2940	5.67
20220508	1924	2910	5.64
20220508	2024	2850	5.58
20220508	2124	2830	5.56
20220508	2224	2760	5.49
20220508	2324	2740	5.47
20220509	0024	2700	5.43
20220509	0124	2680	5.40
20220509	0224	2620	5.35
20220509	0324	2580	5.31
20220509	0424	2520	5.26
20220509	0524	2490	5.23
20220509	0624	2470	5.21
20220509	0724	2420	5.17
20220509	0824	2410	5.16
20220509	0924	2370	5.12
20220509	1024	2340	5.09
20220509	1124	2300	5.06
20220509	1224	2280	5.04
20220509	1324	2260	5.02
20220509	1424	2210	4.97
20220509	1524	2200	4.96
20220509	1624	2170	4.93
20220509	1724	2140	4.91
20220509	1824	2090	4.86
20220509	1924	2070	4.84
20220509	2024	2040	4.81
20220509	2124	2040	4.81
20220509	2224	1940	4.71
20220509	2324	1920	4.69
20220510	0024	1920	4.69
20220510	0124	1910	4.68
20220510	0224	1890	4.66
20220510	0324	1880	4.65
20220510	0424	1880	4.65
20220510	0524	1830	4.60
20220510	0624	1790	4.56
20220510	0724	1780	4.55
20220510	0824	1760	4.53
20220510	0924	1770	4.54
20220510	0954	1770	4.54
20220510	1054	1720	4.49
20220510	1154	1710	4.47
20220510	1254	1690	4.45
20220510	1354	1670	4.43
20220510	1454	1640	4.40
20220510	1554	1630	4.39
20220510	1654	1610	4.37
20220510	1754	1600	4.35
20220510	1854	1600	4.35
20220510	1954	1570	4.32
20220510	2054	1550	4.30
20220510	2154	1530	4.28
20220510	2303	1510	4.25
20220511	0003	1500	4.24
20220511	0103	1500	4.24
20220511	0203	1460	4.20
20220511	0303	1450	4.18
20220511	0403	1430	4.16
20220511	0503	1430	4.16
20220511	0603	1410	4.14
20220511	0703	1400	4.13
20220511	0803	1390	4.11
20220511	0903	1380	4.10
20220511	1003	1360	4.08
20220511	1103	1350	4.07
20220511	1203	1350	4.06
20220511	1303	1330	4.04
20220511	1403	1320	4.03
20220511	1503	1310	4.02
20220511	1603	1310	4.01
20220511	1703	1300	4.00
20220511	1803	1280	3.98
20220511	1903	1270	3.97
20220511	2003	1260	3.95
20220511	2103	1250	3.94
20220511	2203	1240	3.93
20220511	2303	1240	3.93
20220512	0003	1230	3.91
20220512	0103	1230	3.91
20220512	0203	1210	3.89
20220512	0303	1200	3.88
20220512	0403	1190	3.87
20220512	0503	1190	3.86
20220512	0603	1170	3.84
20220512	0703	1160	3.83
20220512	0803	1160	3.82
20220512	0903	1150	3.81
20220512	1003	1140	3.80
20220512	1103	1130	3.79
20220512	1203	1130	3.79
20220512	1303	1110	3.76
20220512	1403	1110	3.76
20220512	1503	1100	3.75
20220512	1603	1100	3.74
20220512	1703	1090	3.73
20220512	1803	1080	3.72
20220512	1903	1080	3.71
20220512	2004	1070	3.70
20220512	2103	1070	3.70
20220512	2203	1060	3.69
20220512	2303	1050	3.68
20220513	0003	1050	3.67
20220513	0103	1050	3.67
20220513	0203	1040	3.66
20220513	0303	1030	3.64
20220513	0403	1030	3.64
20220513	0503	1020	3.63
20220513	0603	1010	3.62
20220513	0703	1000	3.61
20220513	0803	997	3.60
20220513	0903	997	3.60
20220513	1003	983	3.58
20220513	1103	983	3.58
20220513	1203	976	3.57
20220513	1303	969	3.56
20220513	1403	969	3.56
20220513	1503	963	3.55
20220513	1603	956	3.54
20220513	1703	956	3.54
20220513	1803	956	3.54
20220513	1903	949	3.53
20220513	2003	942	3.52
20220513	2103	935	3.51
20220513	2203	942	3.52
20220513	2303	942	3.52
20220514	0003	935	3.51
20220514	0103	929	3.50
20220514	0203	922	3.49
20220514	0303	922	3.49
20220514	0403	922	3.49
20220514	0503	915	3.48
20220514	0603	909	3.47
20220514	0703	909	3.47
20220514	0803	915	3.48
20220514	0903	915	3.48
20220514	1003	909	3.47
20220514	1103	902	3.46
20220514	1203	902	3.46
20220514	1303	895	3.45
20220514	1403	889	3.44
20220514	1503	882	3.43
20220514	1603	876	3.42
20220514	1703	876	3.42
20220514	1803	876	3.42
20220514	1903	889	3.44
20220514	2003	882	3.43
20220514	2103	889	3.44
20220514	2203	889	3.44
20220514	2303	895	3.45
20220515	0003	882	3.43
20220515	0103	876	3.42
20220515	0203	869	3.41
20220515	0303	863	3.40
20220515	0403	850	3.38
20220515	0503	844	3.37
20220515	0603	837	3.36
20220515	0703	831	3.35
20220515	0803	825	3.34
20220515	0903	819	3.33
20220515	1003	812	3.32
20220515	1103	812	3.32
20220515	1203	806	3.31
20220515	1303	800	3.30
20220515	1403	794	3.29
20220515	1503	794	3.29
20220515	1603	800	3.30
20220515	1703	794	3.29
20220515	1803	800	3.30
20220515	1903	794	3.29
20220515	2003	825	3.34
20220515	2103	876	3.42
20220515	2203	915	3.48
20220515	2303	929	3.50
20220516	0003	949	3.53
20220516	0103	976	3.57
20220516	0203	1020	3.63
20220516	0303	1070	3.70
20220516	0403	1100	3.75
20220516	0503	1090	3.73
20220516	0603	1050	3.68
20220516	0703	1010	3.62
20220516	0803	976	3.57
20220516	0903	956	3.54
20220516	1003	935	3.51
20220516	1103	935	3.51
20220516	1203	942	3.52
20220516	1303	976	3.57
20220516	1403	1000	3.61
20220516	1503	1030	3.65
20220516	1603	1050	3.68
20220516	1703	1100	3.74
20220516	1803	1120	3.77
20220516	1903	1110	3.76
20220516	2003	1100	3.74
20220516	2103	1070	3.70
20220516	2203	1050	3.67
20220516	2303	1030	3.65
20220517	0003	1030	3.64
20220517	0103	1030	3.64
20220517	0203	1030	3.64
20220517	0303	1030	3.65
20220517	0403	1030	3.65
20220517	0503	1030	3.65
20220517	0603	1030	3.64
20220517	0703	1010	3.62
20220517	0803	1000	3.61
20220517	0903	990	3.59
20220517	0918	990	3.59
20220517	0948	990	3.59
20220517	0950	990	3.59
20220517	1050	983	3.58
20220517	1150	969	3.56
20220517	1250	956	3.54
20220517	1350	942	3.52
20220517	1450	915	3.48
20220517	1550	909	3.47
20220517	1650	889	3.44
20220517	1750	876	3.42
20220517	1850	869	3.41
20220517	1950	857	3.39
20220517	2050	850	3.38
20220517	2150	844	3.37
20220517	2250	831	3.35
20220517	2350	825	3.34
20220518	0050	819	3.33
20220518	0150	812	3.32
20220518	0250	806	3.31
20220518	0350	800	3.30
20220518	0450	794	3.29
20220518	0550	788	3.28
20220518	0650	781	3.27
20220518	0750	781	3.27
20220518	0850	769	3.25
20220518	0950	763	3.24
20220518	1050	763	3.24
20220518	1150	757	3.23
20220518	1250	751	3.22
20220518	1350	745	3.21
20220518	1450	739	3.20
20220518	1550	739	3.20
20220518	1650	733	3.19
20220518	1750	728	3.18
20220518	1850	728	3.18
20220518	1950	728	3.18
20220518	2050	716	3.16
20220518	2150	716	3.16
20220518	2250	716	3.16
20220518	2350	722	3.17
20220519	0050	716	3.16
20220519	0150	722	3.17
20220519	0250	728	3.18
20220519	0350	728	3.18
20220519	0450	739	3.20
20220519	0550	739	3.20
20220519	0650	745	3.21
20220519	0750	751	3.22
20220519	0850	751	3.22
20220519	0950	751	3.22
20220519	1050	745	3.21
20220519	1150	745	3.21
20220519	1250	739	3.20
20220519	1350	739	3.20
20220519	1450	739	3.20
20220519	1550	733	3.19
20220519	1650	739	3.20
20220519	1750	733	3.19
20220519	1850	733	3.19
20220519	1950	728	3.18
20220519	2050	728	3.18
20220519	2150	728	3.18
20220519	2250	728	3.18
20220519	2350	722	3.17
20220520	0050	722	3.17
20220520	0150	716	3.16
20220520	0250	710	3.15
20220520	0350	705	3.14
20220520	0450	705	3.14
20220520	0550	699	3.13
20220520	0650	693	3.12
20220520	0750	693	3.12
20220520	0850	688	3.11
20220520	0950	682	3.10
20220520	1050	676	3.09
20220520	1150	676	3.09
20220520	1250	671	3.08
20220520	1350	671	3.08
20220520	1450	665	3.07
20220520	1550	676	3.09
20220520	1650	671	3.08
20220520	1750	665	3.07
20220520	1850	660	3.06
20220520	1950	660	3.06
20220520	2050	660	3.06
20220520	2150	654	3.05
20220520	2250	654	3.05
20220520	2350	654	3.05
20220521	0050	654	3.05
20220521	0150	649	3.04
20220521	0250	654	3.05
20220521	0350	654	3.05
20220521	0450	654	3.05
20220521	0550	654	3.05
20220521	0650	649	3.04
20220521	0750	654	3.05
20220521	0850	649	3.04
20220521	0950	649	3.04
20220521	1050	649	3.04
20220521	1150	649	3.04
20220521	1250	644	3.03
20220521	1350	644	3.03
20220521	1450	644	3.03
20220521	1550	644	3.03
20220521	1650	633	3.01
20220521	1750	627	3.00
20220521	1850	622	2.99
20220521	1950	617	2.98
20220521	2050	611	2.97
20220521	2150	606	2.96
20220521	2250	606	2.96
20220521	2350	601	2.95
20220522	0050	601	2.95
20220522	0150	591	2.93
20220522	0250	596	2.94
20220522	0350	585	2.92
20220522	0450	585	2.92
20220522	0550	585	2.92
20220522	0650	580	2.91
20220522	0750	580	2.91
20220522	0850	575	2.90
20220522	0950	570	2.89
20220522	1050	570	2.89
20220522	1150	565	2.88
20220522	1250	560	2.87
20220522	1350	560	2.87
20220522	1450	570	2.89
20220522	1550	585	2.92
20220522	1650	570	2.89
20220522	1750	580	2.91
20220522	1850	580	2.91
20220522	1950	570	2.89
20220522	2050	560	2.87
20220522	2150	560	2.87
20220522	2250	565	2.88
20220522	2350	560	2.87
20220523	0050	560	2.87
20220523	0150	555	2.86
20220523	0250	550	2.85
20220523	0350	545	2.84
20220523	0450	540	2.83
20220523	0550	540	2.83
20220523	0650	535	2.82
20220523	0750	535	2.82
20220523	0850	535	2.82
20220523	0950	530	2.81
20220523	1050	525	2.80
20220523	1150	525	2.80
20220523	1250	521	2.79
20220523	1350	521	2.79
20220523	1450	516	2.78
20220523	1550	521	2.79
20220523	1650	516	2.78
20220523	1750	511	2.77
20220523	1850	506	2.76
20220523	1950	506	2.76
20220523	2050	502	2.75
20220523	2150	502	2.75
20220523	2250	497	2.74
20220523	2350	487	2.72
20220524	0050	497	2.74
20220524	0150	497	2.74
20220524	0250	492	2.73
20220524	0350	492	2.73
20220524	0450	492	2.73
20220524	0550	492	2.73
20220524	0650	492	2.73
20220524	0750	487	2.72
20220524	0850	487	2.72
20220524	0950	487	2.72
20220524	1050	487	2.72
20220524	1150	483	2.71
20220524	1250	483	2.71
20220524	1350	483	2.71
20220524	1450	483	2.71
20220524	1550	483	2.71
20220524	1650	474	2.69
20220524	1750	474	2.69
20220524	1850	474	2.69
20220524	1950	474	2.69
20220524	2050	474	2.69
20220524	2150	469	2.68
20220524	2250	469	2.68
20220524	2350	469	2.68
20220525	0050	469	2.68
20220525	0150	469	2.68
20220525	0250	464	2.67
20220525	0350	464	2.67
20220525	0450	464	2.67
20220525	0550	464	2.67
20220525	0650	464	2.67
20220525	0750	464	2.67
20220525	0850	460	2.66
20220525	0950	460	2.66
20220525	1050	460	2.66
20220525	1150	460	2.66
20220525	1250	460	2.66
20220525	1350	460	2.66
20220525	1450	455	2.65
20220525	1550	455	2.65
20220525	1650	451	2.64
20220525	1750	451	2.64
20220525	1850	451	2.64
20220525	1950	446	2.63
20220525	2050	442	2.62
20220525	2150	442	2.62
20220525	2250	442	2.62
20220525	2350	438	2.61
20220526	0050	438	2.61
20220526	0150	438	2.61
20220526	0250	438	2.61
20220526	0350	433	2.60
20220526	0450	433	2.60
20220526	0550	433	2.60
20220526	0650	433	2.60
20220526	0750	433	2.60
20220526	0850	429	2.59
20220526	0950	429	2.59
20220526	1050	425	2.58
20220526	1150	429	2.59
20220526	1250	429	2.59
20220526	1350	425	2.58
20220526	1450	425	2.58
20220526	1550	420	2.57
20220526	1650	425	2.58
20220526	1750	425	2.58
20220526	1850	420	2.57
20220526	1950	420	2.57
20220526	2050	420	2.57
20220526	2150	416	2.56
20220526	2250	416	2.56
20220526	2350	416	2.56
20220527	0050	416	2.56
20220527	0150	412	2.55
20220527	0250	412	2.55
20220527	0350	416	2.56
20220527	0450	412	2.55
20220527	0550	412	2.55
20220527	0650	412	2.55
20220527	0750	412	2.55
20220527	0850	412	2.55
20220527	0950	412	2.55
20220527	1050	412	2.55
20220527	1150	412	2.55
20220527	1250	412	2.55
20220527	1350	412	2.55
20220527	1450	446	2.63
20220527	1550	455	2.65
20220527	1650	478	2.70
20220527	1750	478	2.70
20220527	1850	487	2.72
20220527	1950	492	2.73
20220527	2050	497	2.74
20220527	2150	516	2.78
20220527	2250	511	2.77
20220527	2350	497	2.74
20220528	0050	483	2.71
20220528	0150	474	2.69
20220528	0250	464	2.67
20220528	0350	460	2.66
20220528	0450	455	2.65
20220528	0550	451	2.64
20220528	0650	446	2.63
20220528	0750	446	2.63
20220528	0850	446	2.63
20220528	0950	442	2.62
20220528	1050	442	2.62
20220528	1150	438	2.61
20220528	1250	442	2.62
20220528	1350	442	2.62
20220528	1450	442	2.62
20220528	1550	438	2.61
20220528	1650	438	2.61
20220528	1750	442	2.62
20220528	1850	442	2.62
20220528	1950	442	2.62
20220528	2050	438	2.61
20220528	2150	433	2.60
20220528	2250	429	2.59
20220528	2350	425	2.58
20220529	0050	420	2.57
20220529	0150	420	2.57
20220529	0250	416	2.56
20220529	0350	412	2.55
20220529	0450	412	2.55
20220529	0550	412	2.55
20220529	0650	407	2.54
20220529	0750	407	2.54
20220529	0850	403	2.53
20220529	0950	403	2.53
20220529	1050	399	2.52
20220529	1150	395	2.51
20220529	1250	391	2.50
20220529	1350	387	2.49
20220529	1450	391	2.50
20220529	1550	391	2.50
20220529	1650	387	2.49
20220529	1750	387	2.49
20220529	1850	387	2.49
20220529	1950	382	2.48
20220529	2050	378	2.47
20220529	2150	378	2.47
20220529	2250	374	2.46
20220529	2350	370	2.45
20220530	0050	370	2.45
20220530	0150	370	2.45
20220530	0250	370	2.45
20220530	0350	370	2.45
20220530	0450	370	2.45
20220530	0550	370	2.45
20220530	0650	370	2.45
20220530	0750	370	2.45
20220530	0850	366	2.44
20220530	0950	362	2.43
20220530	1050	366	2.44
20220530	1150	366	2.44
20220530	1250	366	2.44
20220530	1350	366	2.44
20220530	1450	362	2.43
20220530	1550	362	2.43
20220530	1650	358	2.42
20220530	1750	358	2.42
20220530	1850	358	2.42
20220530	1950	358	2.42
20220530	2050	354	2.41
20220530	2150	354	2.41
20220530	2250	350	2.40
20220530	2350	347	2.39
20220531	0050	350	2.40
20220531	0150	350	2.40
20220531	0250	347	2.39
20220531	0350	347	2.39
20220531	0450	343	2.38
20220531	0550	343	2.38
20220531	0650	343	2.38
20220531	0750	335	2.36
20220531	0850	339	2.37
20220531	0950	343	2.38
20220531	1050	335	2.36
20220531	1150	339	2.37
20220531	1250	343	2.38
20220531	1350	343	2.38
20220531	1450	335	2.36
20220531	1550	335	2.36
20220531	1650	331	2.35
20220531	1750	327	2.34
20220531	1850	327	2.34
20220531	1950	327	2.34
20220531	2050	327	2.34
20220531	2150	331	2.35
20220531	2250	331	2.35
20220531	2350	327	2.34
20220601	0050	324	2.33
20220601	0150	327	2.34
20220601	0250	324	2.33
20220601	0350	324	2.33
20220601	0450	324	2.33
20220601	0550	316	2.31
20220601	0650	316	2.31
20220601	0750	316	2.31
20220601	0850	316	2.31
20220601	0950	316	2.31
20220601	1050	316	2.31
20220601	1150	316	2.31
20220601	1250	313	2.30
20220601	1350	316	2.31
20220601	1450	313	2.30
20220601	1550	313	2.30
20220601	1650	316	2.31
20220601	1750	316	2.31
20220601	1850	316	2.31
20220601	1950	316	2.31
20220601	2050	313	2.30
20220601	2150	320	2.32
20220601	2250	324	2.33
20220601	2350	324	2.33
20220602	0050	339	2.37
20220602	0150	350	2.40
20220602	0250	354	2.41
20220602	0350	358	2.42
20220602	0450	358	2.42
20220602	0550	358	2.42
20220602	0650	358	2.42
20220602	0750	347	2.39
20220602	0851	347	2.39
20220602	0951	350	2.40
20220602	1051	343	2.38
20220602	1150	339	2.37
20220602	1250	347	2.39
20220602	1350	339	2.37
20220602	1450	350	2.40
20220602	1550	347	2.39
20220602	1650	339	2.37
20220602	1750	339	2.37
20220602	1850	339	2.37
20220602	1950	339	2.37
20220602	2050	339	2.37
20220602	2150	339	2.37
20220602	2250	343	2.38
20220602	2350	339	2.37
20220603	0050	339	2.37
20220603	0150	339	2.37
20220603	0250	343	2.38
20220603	0350	343	2.38
20220603	0450	339	2.37
20220603	0550	339	2.37
20220603	0650	335	2.36
20220603	0750	335	2.36
20220603	0850	343	2.38
20220603	0950	339	2.37
20220603	1050	339	2.37
20220603	1150	335	2.36
20220603	1250	339	2.37
20220603	1350	335	2.36
20220603	1450	331	2.35
20220603	1550	335	2.36
20220603	1650	335	2.36
20220603	1750	331	2.35
20220603	1850	331	2.35
20220603	1950	331	2.35
20220603	2050	331	2.35
20220603	2150	327	2.34
20220603	2250	324	2.33
20220603	2350	324	2.33
20220604	0050	324	2.33
20220604	0150	320	2.32
20220604	0250	324	2.33
20220604	0350	320	2.32
20220604	0450	320	2.32
20220604	0550	320	2.32
20220604	0650	320	2.32
20220604	0750	316	2.31
20220604	0850	316	2.31
20220604	0950	316	2.31
20220604	1050	313	2.30
20220604	1150	313	2.30
20220604	1250	309	2.29
20220604	1350	309	2.29
20220604	1450	309	2.29
20220604	1550	305	2.28
20220604	1650	305	2.28
20220604	1750	302	2.27
20220604	1850	302	2.27
20220604	1950	298	2.26
20220604	2050	298	2.26
20220604	2150	295	2.25
20220604	2250	291	2.24
20220604	2350	291	2.24
20220605	0050	288	2.23
20220605	0150	288	2.23
20220605	0250	284	2.22
20220605	0350	288	2.23
20220605	0450	288	2.23
20220605	0550	291	2.24
20220605	0650	291	2.24
20220605	0750	288	2.23
20220605	0850	288	2.23
20220605	0950	288	2.23
20220605	1050	288	2.23
20220605	1150	288	2.23
20220605	1250	288	2.23
20220605	1350	288	2.23
20220605	1450	274	2.19
20220605	1550	284	2.22
20220605	1650	281	2.21
20220605	1750	284	2.22
20220605	1850	274	2.19
20220605	1950	281	2.21
20220605	2050	281	2.21
20220605	2150	281	2.21
20220605	2250	277	2.20
20220605	2350	277	2.20
20220606	0050	277	2.20
20220606	0150	274	2.19
20220606	0250	274	2.19
20220606	0350	267	2.17
20220606	0450	267	2.17
20220606	0550	267	2.17
20220606	0650	267	2.17
20220606	0750	267	2.17
20220606	0850	264	2.16
20220606	0950	267	2.17
20220606	1050	264	2.16
20220606	1150	264	2.16
20220606	1250	267	2.17
20220606	1350	244	2.10
20220606	1450	244	2.10
20220606	1550	241	2.09
20220606	1650	241	2.09
20220606	1750	241	2.09
20220606	1850	241	2.09
20220606	1950	241	2.09
20220606	2050	241	2.09
20220606	2150	238	2.08
20220606	2250	238	2.08
20220606	2350	238	2.08
20220607	0050	231	2.06
20220607	0150	234	2.07
20220607	0250	238	2.08
20220607	0350	238	2.08
20220607	0450	228	2.05
20220607	0550	234	2.07
20220607	0650	228	2.05
20220607	0750	234	2.07
20220607	0850	231	2.06
20220607	0950	228	2.05
20220607	1050	234	2.07
20220607	1150	234	2.07
20220607	1250	234	2.07
20220607	1350	234	2.07
20220607	1450	234	2.07
20220607	1550	234	2.07
20220607	1650	234	2.07
20220607	1750	247	2.11
20220607	1850	260	2.15
20220607	1950	260	2.15
20220607	2050	260	2.15
20220607	2150	257	2.14
20220607	2250	254	2.13
20220607	2350	254	2.13
20220608	0050	254	2.13
20220608	0150	257	2.14
20220608	0250	257	2.14
20220608	0350	254	2.13
20220608	0450	254	2.13
20220608	0550	254	2.13
20220608	0650	254	2.13
20220608	0750	254	2.13
20220608	0850	254	2.13
20220608	0950	250	2.12
20220608	1050	250	2.12
20220608	1150	250	2.12
20220608	1250	250	2.12
20220608	1350	250	2.12
20220608	1450	250	2.12
20220608	1550	247	2.11
20220608	1650	247	2.11
20220608	1750	247	2.11
20220608	1850	244	2.10
20220608	1950	247	2.11
20220608	2050	244	2.10
20220608	2150	244	2.10
20220608	2250	241	2.09
20220608	2350	244	2.10
20220609	0050	244	2.10
20220609	0150	254	2.13
20220609	0250	343	2.38
20220609	0350	492	2.73
20220609	0450	649	3.04
20220609	0550	644	3.03
20220609	0650	596	2.94
20220609	0750	649	3.04
20220609	0850	693	3.12
20220609	0950	671	3.08
20220609	1050	611	2.97
20220609	1150	555	2.86
20220609	1250	497	2.74
20220609	1350	455	2.65
20220609	1450	420	2.57
20220609	1550	395	2.51
20220609	1650	382	2.48
20220609	1750	370	2.45
20220609	1850	358	2.42
20220609	1950	350	2.40
20220609	2050	343	2.38
20220609	2150	335	2.36
20220609	2250	331	2.35
20220609	2350	327	2.34
20220610	0050	324	2.33
20220610	0150	316	2.31
20220610	0250	316	2.31
20220610	0350	313	2.30
20220610	0450	309	2.29
20220610	0550	309	2.29
20220610	0650	305	2.28
20220610	0750	302	2.27
20220610	0850	298	2.26
20220610	0950	295	2.25
20220610	1050	295	2.25
20220610	1150	291	2.24
20220610	1250	291	2.24
20220610	1350	288	2.23
20220610	1450	284	2.22
20220610	1550	281	2.21
20220610	1650	277	2.20
20220610	1750	274	2.19
20220610	1850	267	2.17
20220610	1950	267	2.17
20220610	2050	267	2.17
20220610	2150	264	2.16
20220610	2250	260	2.15
20220610	2350	257	2.14
20220611	0050	257	2.14
20220611	0150	257	2.14
20220611	0250	254	2.13
20220611	0350	254	2.13
20220611	0450	250	2.12
20220611	0550	250	2.12
20220611	0650	250	2.12
20220611	0750	247	2.11
20220611	0850	247	2.11
20220611	0950	247	2.11
20220611	1050	244	2.10
20220611	1150	247	2.11
20220611	1250	244	2.10
20220611	1350	244	2.10
20220611	1450	241	2.09
20220611	1550	241	2.09
20220611	1650	241	2.09
20220611	1750	241	2.09
20220611	1850	238	2.08
20220611	1950	238	2.08
20220611	2050	238	2.08
20220611	2150	238	2.08
20220611	2250	234	2.07
20220611	2350	234	2.07
20220612	0050	234	2.07
20220612	0150	231	2.06
20220612	0250	231	2.06
20220612	0350	234	2.07
20220612	0450	231	2.06
20220612	0550	231	2.06
20220612	0650	231	2.06
20220612	0750	231	2.06
20220612	0850	228	2.05
20220612	0950	228	2.05
20220612	1050	228	2.05
20220612	1150	228	2.05
20220612	1250	225	2.04
20220612	1350	228	2.05
20220612	1450	228	2.05
20220612	1550	228	2.05
20220612	1650	228	2.05
20220612	1750	225	2.04
20220612	1850	234	2.07
20220612	1950	238	2.08
20220612	2050	231	2.06
20220612	2150	228	2.05
20220612	2250	228	2.05
20220612	2350	225	2.04
20220613	0050	228	2.05
20220613	0150	228	2.05
20220613	0250	228	2.05
20220613	0350	231	2.06
20220613	0450	234	2.07
20220613	0550	238	2.08
20220613	0650	241	2.09
20220613	0750	241	2.09
20220613	0850	241	2.09
20220613	0950	250	2.12
20220613	1050	264	2.16
20220613	1150	284	2.22
20220613	1250	302	2.27
20220613	1350	313	2.30
20220613	1450	298	2.26
20220613	1550	284	2.22
20220613	1650	281	2.21
20220613	1750	277	2.20
20220613	1850	281	2.21
20220613	1950	284	2.22
20220613	2050	284	2.22
20220613	2150	281	2.21
20220613	2250	274	2.19
20220613	2350	267	2.17
20220614	0050	267	2.17
20220614	0150	264	2.16
20220614	0250	260	2.15
20220614	0350	260	2.15
20220614	0450	254	2.13
20220614	0550	254	2.13
20220614	0650	254	2.13
20220614	0750	257	2.14
20220614	0850	257	2.14
20220614	0950	254	2.13
20220614	1050	254	2.13
20220614	1150	250	2.12
20220614	1250	247	2.11
20220614	1350	247	2.11
20220614	1450	244	2.10
20220614	1551	241	2.09
20220614	1651	241	2.09
20220614	1751	238	2.08
20220614	1850	238	2.08
20220614	1950	234	2.07
20220614	2050	234	2.07
20220614	2150	231	2.06
20220614	2250	231	2.06
20220614	2350	228	2.05
20220615	0050	225	2.04
20220615	0150	228	2.05
20220615	0250	225	2.04
20220615	0350	225	2.04
20220615	0450	222	2.03
20220615	0550	222	2.03
20220615	0650	222	2.03
20220615	0750	222	2.03
20220615	0850	225	2.04
20220615	0950	222	2.03
20220615	1050	222	2.03
20220615	1150	219	2.02
20220615	1251	222	2.03
20220615	1351	219	2.02
20220615	1451	222	2.03
20220615	1551	219	2.02
20220615	1651	219	2.02
20220615	1751	216	2.01
20220615	1851	216	2.01
20220615	1951	216	2.01
20220615	2051	216	2.01
20220615	2151	213	2.00
20220615	2251	213	2.00
20220615	2351	210	1.99
20220616	0051	213	2.00
20220616	0151	210	1.99
20220616	0251	210	1.99
20220616	0351	210	1.99
20220616	0451	210	1.99
20220616	0551	210	1.99
20220616	0651	207	1.98
20220616	0751	207	1.98
20220616	0851	207	1.98
20220616	0950	207	1.98
20220616	1051	207	1.98
20220616	1152	207	1.98
20220630	1035	143	1.74
20220630	1135	143	1.74
20220630	1235	143	1.74
20220630	1335	143	1.74
20220630	1435	143	1.74
20220630	1535	143	1.74
20220630	1635	143	1.74
20220630	1735	141	1.73
20220630	1835	141	1.73
20220630	1935	141	1.73
20220630	2035	138	1.72
20220630	2135	138	1.72
20220630	2235	138	1.72
20220630	2335	138	1.72
20220701	0035	138	1.72
20220701	0135	136	1.71
20220701	0235	136	1.71
20220701	0335	138	1.72
20220701	0435	136	1.71
20220701	0535	136	1.71
20220701	0635	136	1.71
20220701	0735	138	1.72
20220701	0835	138	1.72
20220701	0935	136	1.71
20220701	1035	138	1.72
20220701	1135	138	1.72
20220701	1235	136	1.71
20220701	1335	138	1.72
20220701	1435	138	1.72
20220701	1535	136	1.71
20220701	1635	136	1.71
20220701	1735	138	1.72
20220701	1835	138	1.72
20220701	1935	138	1.72
20220701	2035	138	1.72
20220701	2135	138	1.72
20220701	2235	138	1.72
20220701	2335	138	1.72
20220702	0035	136	1.71
20220702	0135	136	1.71
20220702	0235	136	1.71
20220702	0336	136	1.71
20220702	0435	136	1.71
20220702	0535	136	1.71
20220702	0635	138	1.72
20220702	0735	138	1.72
20220702	0835	138	1.72
20220702	0935	138	1.72
