date	time	stream flow	gage height
20220219	1700	0.00	50.4
20220219	1800	0.00	48.4
20220219	1900	0.00	48.4
20220219	2000	0.00	48.4
20220219	2100	0.00	48.4
20220219	2200	0.00	48.4
20220219	2300	0.00	48.4
20220220	0000	0.00	48.4
20220220	0100	0.00	48.4
20220220	0200	0.00	48.4
20220220	0300	0.00	48.4
20220220	0400	0.00	46.3
20220220	0500	0.00	46.3
20220220	0600	0.00	46.3
20220220	0700	0.00	46.3
20220220	0800	0.00	46.3
20220220	0900	0.00	46.3
20220220	1000	0.00	46.3
20220220	1100	0.00	46.3
20220220	1200	0.00	46.3
20220220	1300	0.00	46.3
20220220	1400	0.00	44.3
20220220	1500	0.00	44.3
20220220	1600	0.00	44.3
20220220	1700	0.00	44.3
20220220	1800	0.00	44.3
20220220	1900	0.00	44.3
20220220	2000	0.00	44.3
20220220	2100	0.00	44.3
20220220	2200	0.00	44.3
20220220	2300	0.00	44.3
20220221	0000	0.00	44.3
20220221	0100	0.00	44.3
20220221	0200	0.00	44.3
20220221	0300	0.00	44.3
20220221	0400	0.00	44.3
20220221	0500	0.00	44.3
20220221	0600	0.00	44.3
20220221	0700	0.00	44.3
20220221	0800	0.00	44.3
20220221	0900	0.00	44.3
20220221	1001	0.00	44.3
20220221	1100	0.00	44.3
20220221	1200	0.00	44.3
20220221	1300	0.00	44.3
20220221	1400	0.00	44.3
20220221	1500	0.00	44.3
20220221	1600	0.00	44.3
20220221	1700	0.00	44.3
20220221	1800	0.00	44.3
20220221	1900	0.01	44.3
20220221	2000	0.00	44.3
20220221	2100	0.00	44.3
20220221	2200	0.00	44.3
20220221	2300	0.00	44.3
20220222	0000	0.00	44.3
20220222	0100	0.00	44.3
20220222	0200	0.00	44.3
20220222	0300	0.00	44.3
20220222	0400	0.00	44.3
20220222	0500	0.00	44.3
20220222	0600	0.00	44.3
20220222	0700	0.00	44.3
20220222	0800	0.00	44.3
20220222	0900	0.00	44.3
20220222	1000	0.00	44.3
20220222	1100	0.00	44.3
20220222	1200	0.00	44.3
20220222	1300	0.00	44.3
20220222	1400	0.00	44.3
20220222	1500	0.00	44.3
20220222	1600	0.00	44.3
20220222	1700	0.00	44.3
20220222	1800	0.00	44.3
20220222	1900	0.00	44.3
20220222	2000	0.00	44.3
20220222	2100	0.00	44.3
20220222	2200	0.00	44.3
20220222	2300	0.00	44.3
20220223	0000	0.00	44.3
20220223	0100	0.00	44.3
20220223	0200	0.00	46.3
20220223	0300	0.00	46.3
20220223	0400	0.00	46.3
20220223	0500	0.00	46.3
20220223	0600	0.00	46.3
20220223	0700	0.05	46.3
20220223	0800	0.03	50.4
20220223	0900	0.15	65.5
20220223	1000	0.04	286
20220223	1100	0.00	753
20220223	1200	0.00	982
20220223	1300	0.00	867
20220223	1400	0.00	683
20220223	1500	0.00	553
20220223	1600	0.00	440
20220223	1700	0.00	371
20220223	1800	0.00	318
20220223	1900	0.00	273
20220223	2000	0.00	248
20220223	2100	0.00	227
20220223	2200	0.00	212
20220223	2300	0.00	195
20220224	0000	0.00	178
20220224	0100	0.00	164
20220224	0200	0.00	153
20220224	0300	0.00	145
20220224	0400	0.00	137
20220224	0501	0.00	129
20220224	0600	0.00	123
20220224	0700	0.00	116
20220224	0800	0.00	111
20220224	0900	0.00	108
20220224	1000	0.00	103
20220224	1100	0.00	101
20220224	1200	0.00	95.8
20220224	1300	0.00	93.4
20220224	1400	0.00	91.0
20220224	1500	0.00	91.0
20220224	1600	0.00	88.6
20220224	1700	0.00	86.2
20220224	1800	0.00	86.2
20220224	1900	0.00	83.8
20220224	2000	0.00	81.5
20220224	2100	0.00	81.5
20220224	2200	0.00	79.1
20220224	2300	0.00	79.1
20220225	0000	0.00	79.1
20220225	0100	0.00	79.1
20220225	0201	0.00	76.8
20220225	0300	0.00	74.5
20220225	0400	0.00	72.2
20220225	0500	0.00	72.2
20220225	0600	0.00	70.0
20220225	0701	0.00	70.0
20220225	0800	0.00	67.7
20220225	0900	0.00	67.7
20220225	1000	0.00	67.7
20220225	1100	0.00	65.5
20220225	1200	0.00	65.5
20220225	1300	0.00	65.5
20220225	1400	0.00	65.5
20220225	1500	0.00	65.5
20220225	1600	0.00	65.5
20220225	1700	0.00	63.3
20220225	1800	0.00	63.3
20220225	1900	0.00	63.3
20220225	2000	0.00	61.1
20220225	2100	0.00	61.1
20220225	2200	0.00	61.1
20220225	2300	0.00	61.1
20220226	0000	0.00	61.1
20220226	0100	0.00	61.1
20220226	0200	0.00	58.9
20220226	0300	0.00	58.9
20220226	0400	0.00	56.8
20220226	0500	0.00	56.8
20220226	0600	0.00	56.8
20220226	0700	0.00	56.8
20220226	0800	0.00	56.8
20220226	0900	0.00	54.6
20220226	1000	0.00	54.6
20220226	1100	0.00	54.6
20220226	1200	0.00	52.5
20220226	1300	0.00	52.5
20220226	1400	0.00	52.5
20220226	1500	0.00	52.5
20220226	1600	0.00	52.5
20220226	1700	0.00	52.5
20220226	1800	0.00	52.5
20220226	1900	0.00	52.5
20220226	2000	0.00	52.5
20220226	2100	0.00	52.5
20220226	2200	0.00	52.5
20220226	2300	0.00	52.5
20220227	0000	0.00	52.5
20220227	0100	0.00	52.5
20220227	0200	0.00	52.5
20220227	0300	0.00	52.5
20220227	0400	0.00	52.5
20220227	0500	0.00	52.5
20220227	0600	0.00	54.6
20220227	0700	0.00	58.9
20220227	0800	0.02	70.0
20220227	0900	0.00	86.2
20220227	1000	0.01	98.2
20220227	1100	0.01	113
20220227	1200	0.02	118
20220227	1300	0.00	121
20220227	1400	0.00	147
20220227	1500	0.00	166
20220227	1600	0.00	164
20220227	1700	0.00	150
20220227	1800	0.00	134
20220227	1900	0.00	123
20220227	2000	0.00	113
20220227	2100	0.00	106
20220227	2200	0.00	101
20220227	2300	0.00	95.8
20220228	0000	0.00	91.0
20220228	0100	0.00	88.6
20220228	0200	0.00	86.2
20220228	0300	0.00	81.5
20220228	0400	0.00	81.5
20220228	0500	0.00	79.1
20220228	0600	0.00	79.1
20220228	0701	0.00	74.5
20220228	0800	0.00	72.2
20220228	0900	0.00	70.0
20220228	1000	0.00	67.7
20220228	1100	0.00	67.7
20220228	1200	0.00	65.5
20220228	1300	0.00	65.5
20220228	1400	0.00	63.3
20220228	1500	0.00	63.3
20220228	1600	0.00	63.3
20220228	1700	0.00	61.1
20220228	1800	0.00	61.1
20220228	1900	0.00	61.1
20220228	2000	0.00	61.1
20220228	2100	0.00	61.1
20220228	2200	0.00	61.1
20220228	2300	0.00	61.1
20220301	0000	0.00	61.1
20220301	0100	0.00	58.9
20220301	0200	0.00	58.9
20220301	0300	0.00	58.9
20220301	0400	0.00	56.8
20220301	0500	0.00	56.8
20220301	0600	0.00	56.8
20220301	0700	0.00	56.8
20220301	0800	0.00	56.8
20220301	0900	0.00	54.6
20220301	1000	0.00	54.6
20220301	1100	0.00	54.6
20220301	1200	0.00	54.6
20220301	1300	0.00	52.5
20220301	1400	0.00	52.5
20220301	1500	0.00	52.5
20220301	1600	0.00	52.5
20220301	1700	0.00	52.5
20220301	1801	0.00	54.6
20220301	1900	0.00	54.6
20220301	2000	0.00	54.6
20220301	2100	0.00	52.5
20220301	2200	0.00	52.5
20220301	2300	0.00	54.6
20220302	0000	0.00	54.6
20220302	0100	0.00	52.5
20220302	0200	0.00	52.5
20220302	0300	0.00	52.5
20220302	0400	0.00	52.5
20220302	0500	0.00	52.5
20220302	0600	0.00	52.5
20220302	0700	0.00	52.5
20220302	0800	0.00	52.5
20220302	0900	0.00	52.5
20220302	1000	0.00	52.5
20220302	1100	0.00	50.4
20220302	1200	0.00	52.5
20220302	1300	0.00	52.5
20220302	1400	0.00	50.4
20220302	1500	0.00	50.4
20220302	1600	0.00	50.4
20220302	1700	0.00	50.4
20220302	1800	0.00	50.4
20220302	1900	0.00	50.4
20220302	2000	0.00	50.4
20220302	2101	0.00	50.4
20220302	2201	0.00	50.4
20220302	2301	0.00	50.4
20220303	0001	0.00	50.4
20220303	0100	0.00	50.4
20220303	0201	0.00	50.4
20220303	0300	0.00	50.4
20220303	0401	0.00	50.4
20220303	0500	0.00	50.4
20220303	0601	0.00	48.4
20220303	0701	0.00	48.4
20220303	0800	0.00	48.4
20220303	0900	0.00	48.4
20220303	1000	0.00	48.4
20220303	1100	0.00	48.4
20220303	1200	0.00	48.4
20220303	1300	0.00	48.4
20220303	1400	0.00	48.4
20220303	1500	0.00	48.4
20220303	1600	0.00	48.4
20220303	1700	0.00	48.4
20220303	1800	0.00	48.4
20220303	1900	0.00	48.4
20220303	2000	0.00	48.4
20220303	2100	0.00	48.4
20220303	2200	0.00	48.4
20220303	2300	0.00	48.4
20220304	0000	0.00	48.4
20220304	0100	0.00	48.4
20220304	0200	0.00	48.4
20220304	0300	0.00	48.4
20220304	0400	0.00	48.4
20220304	0500	0.00	48.4
20220304	0601	0.00	48.4
20220304	0701	0.00	48.4
20220304	0800	0.00	48.4
20220304	0900	0.00	46.3
20220304	1000	0.00	46.3
20220304	1100	0.00	46.3
20220304	1200	0.00	46.3
20220304	1300	0.00	46.3
20220304	1400	0.00	46.3
20220304	1500	0.00	46.3
20220304	1600	0.00	46.3
20220304	1700	0.00	46.3
20220304	1800	0.00	46.3
20220304	1900	0.00	46.3
20220304	2000	0.00	46.3
20220304	2100	0.00	46.3
20220304	2200	0.00	46.3
20220304	2300	0.00	46.3
20220305	0000	0.00	46.3
20220305	0100	0.00	46.3
20220305	0200	0.00	46.3
20220305	0300	0.00	46.3
20220305	0400	0.00	46.3
20220305	0500	0.00	46.3
20220305	0600	0.00	46.3
20220305	0700	0.00	46.3
20220305	0800	0.00	46.3
20220305	0900	0.00	46.3
20220305	1000	0.00	46.3
20220305	1100	0.00	46.3
20220305	1200	0.00	44.3
20220305	1300	0.00	46.3
20220305	1400	0.00	46.3
20220305	1500	0.00	46.3
20220305	1600	0.00	44.3
20220305	1700	0.00	46.3
20220305	1800	0.00	46.3
20220305	1900	0.00	46.3
20220305	2000	0.00	44.3
20220305	2100	0.00	46.3
20220305	2200	0.00	46.3
20220305	2300	0.00	44.3
20220306	0000	0.00	46.3
20220306	0100	0.00	46.3
20220306	0200	0.00	44.3
20220306	0300	0.00	44.3
20220306	0400	0.00	44.3
20220306	0500	0.00	44.3
20220306	0600	0.00	44.3
20220306	0700	0.00	44.3
20220306	0800	0.00	44.3
20220306	0900	0.00	44.3
20220306	1000	0.00	44.3
20220306	1100	0.00	44.3
20220306	1200	0.00	44.3
20220306	1300	0.00	44.3
20220306	1400	0.00	44.3
20220306	1500	0.00	44.3
20220306	1600	0.00	44.3
20220306	1700	0.00	44.3
20220306	1800	0.00	44.3
20220306	1900	0.00	44.3
20220306	2000	0.00	44.3
20220306	2100	0.00	44.3
20220306	2200	0.00	44.3
20220306	2300	0.00	44.3
20220307	0000	0.00	44.3
20220307	0100	0.00	44.3
20220307	0200	0.00	44.3
20220307	0300	0.00	44.3
20220307	0400	0.00	44.3
20220307	0500	0.00	44.3
20220307	0600	0.00	44.3
20220307	0700	0.00	44.3
20220307	0800	0.00	44.3
20220307	0900	0.00	44.3
20220307	1000	0.00	44.3
20220307	1100	0.00	44.3
20220307	1200	0.00	44.3
20220307	1300	0.00	44.3
20220307	1400	0.00	44.3
20220307	1500	0.00	44.3
20220307	1600	0.00	44.3
20220307	1700	0.00	44.3
20220307	1800	0.00	44.3
20220307	1901	0.02	46.3
20220307	2000	0.00	46.3
20220307	2100	0.00	48.4
20220307	2200	0.00	63.3
20220307	2300	0.00	61.1
20220308	0000	0.00	54.6
20220308	0100	0.00	52.5
20220308	0200	0.00	48.4
20220308	0300	0.00	48.4
20220308	0400	0.00	48.4
20220308	0500	0.00	48.4
20220308	0600	0.00	46.3
20220308	0700	0.00	46.3
20220308	0800	0.00	46.3
20220308	0900	0.00	46.3
20220308	1000	0.00	46.3
20220308	1100	0.00	46.3
20220308	1200	0.00	46.3
20220308	1300	0.00	46.3
20220308	1400	0.00	46.3
20220308	1500	0.00	46.3
20220308	1600	0.00	46.3
20220308	1700	0.00	46.3
20220308	1800	0.01	46.3
20220308	1900	0.07	46.3
20220308	2000	0.03	65.5
20220308	2100	0.04	153
20220308	2200	0.00	451
20220308	2300	0.00	568
20220309	0000	0.01	483
20220309	0100	0.00	381
20220309	0200	0.00	375
20220309	0300	0.00	338
20220309	0400	0.00	308
20220309	0500	0.00	261
20220309	0600	0.00	224
20220309	0700	0.11	198
20220309	0800	0.05	204
20220309	0900	0.00	412
20220309	1000	0.00	652
20220309	1100	0.00	652
20220309	1201	0.00	527
20220309	1300	0.00	409
20220309	1400	0.00	344
20220309	1500	0.00	299
20220309	1600	0.00	299
20220309	1701	0.00	248
20220309	1801	0.00	227
20220309	1901	0.00	209
20220309	2000	0.00	195
20220309	2100	0.00	183
20220309	2200	0.00	172
20220309	2300	0.00	161
20220310	0000	0.00	153
20220310	0101	0.00	145
20220310	0201	0.00	137
20220310	0300	0.00	131
20220310	0401	0.00	123
20220310	0500	0.00	118
20220310	0600	0.00	113
20220310	0701	0.00	111
20220310	0800	0.00	108
20220310	0900	0.00	106
20220310	1000	0.00	101
20220310	1100	0.00	98.2
20220310	1201	0.00	98.2
20220310	1300	0.00	95.8
20220310	1400	0.00	93.4
20220310	1500	0.00	93.4
20220310	1600	0.00	91.0
20220310	1700	0.00	91.0
20220310	1800	0.00	88.6
20220310	1900	0.00	86.2
20220310	2000	0.00	86.2
20220310	2100	0.00	83.8
20220310	2200	0.00	83.8
20220310	2300	0.00	81.5
20220311	0000	0.00	81.5
20220311	0100	0.00	81.5
20220311	0200	0.00	79.1
20220311	0300	0.00	79.1
20220311	0401	0.00	79.1
20220311	0501	0.00	79.1
20220311	0600	0.00	79.1
20220311	0700	0.00	79.1
20220311	0800	0.00	76.8
20220311	0900	0.00	76.8
20220311	1000	0.00	76.8
20220311	1101	0.00	76.8
20220311	1201	0.00	76.8
20220311	1301	0.00	74.5
20220311	1400	0.00	72.2
20220311	1501	0.00	67.7
20220311	1600	0.00	67.7
20220311	1700	0.00	67.7
20220311	1800	0.00	65.5
20220311	1900	0.00	65.5
20220311	2000	0.00	65.5
20220311	2100	0.00	65.5
20220311	2200	0.00	65.5
20220311	2300	0.00	65.5
20220312	0000	0.00	65.5
20220312	0100	0.02	67.7
20220312	0200	0.02	70.0
20220312	0300	0.37	108
20220312	0400	0.07	803
20220312	0500	0.00	1390
20220312	0600	0.01	1440
20220312	0700	0.00	1290
20220312	0800	0.00	1120
20220312	0900	0.00	948
20220312	1000	0.00	784
20220312	1100	0.00	664
20220312	1200	0.00	564
20220312	1300	0.00	479
20220312	1400	0.00	419
20220312	1500	0.00	368
20220312	1600	0.00	331
20220312	1700	0.00	308
20220312	1800	0.00	273
20220312	1900	0.00	255
20220312	2000	0.00	233
20220312	2100	0.00	215
20220312	2200	0.00	198
20220312	2300	0.00	186
20220313	0000	0.00	172
20220313	0100	0.00	166
20220313	0200	0.00	158
20220313	0300	0.00	153
20220313	0400	0.00	147
20220313	0500	0.00	142
20220313	0601	0.00	137
20220313	0701	0.00	131
20220313	0800	0.00	129
20220313	0901	0.00	123
20220313	1000	0.00	118
20220313	1101	0.00	116
20220313	1200	0.00	113
20220313	1301	0.00	111
20220313	1402	0.00	108
20220313	1500	0.00	106
20220313	1600	0.00	103
20220313	1700	0.00	101
20220313	1800	0.00	101
20220313	1900	0.00	98.2
20220313	2000	0.00	98.2
20220313	2101	0.00	95.8
20220313	2201	0.00	95.8
20220313	2301	0.00	93.4
20220314	0001	0.00	93.4
20220314	0101	0.00	91.0
20220314	0200	0.00	91.0
20220314	0302	0.00	88.6
20220314	0401	0.00	88.6
20220314	0501	0.00	88.6
20220314	0600	0.00	88.6
20220314	0700	0.00	86.2
20220314	0800	0.00	83.8
20220314	0901	0.00	83.8
20220314	1001	0.00	83.8
20220314	1102	0.00	81.5
20220314	1201	0.00	81.5
20220314	1301	0.00	81.5
20220314	1402	0.00	79.1
20220314	1501	0.00	79.1
20220314	1601	0.00	79.1
20220314	1700	0.00	79.1
20220314	1800	0.00	79.1
20220314	1900	0.00	81.5
20220314	2000	0.00	79.1
20220314	2100	0.00	79.1
20220314	2200	0.00	79.1
20220314	2300	0.00	79.1
20220315	0000	0.00	76.8
20220315	0100	0.00	76.8
20220315	0200	0.00	74.5
20220315	0300	0.00	74.5
20220315	0400	0.00	72.2
20220315	0500	0.00	72.2
20220315	0600	0.00	72.2
20220315	0700	0.00	70.0
20220315	0800	0.00	70.0
20220315	0900	0.00	70.0
20220315	1000	0.00	70.0
20220315	1100	0.00	70.0
20220315	1200	0.00	70.0
20220315	1300	0.00	70.0
20220315	1400	0.00	67.7
20220315	1500	0.00	67.7
20220315	1600	0.00	67.7
20220315	1700	0.00	67.7
20220315	1800	0.00	67.7
20220315	1900	0.00	65.5
20220315	2000	0.00	65.5
20220315	2100	0.00	65.5
20220315	2200	0.00	65.5
20220315	2301	0.00	65.5
20220316	0000	0.00	65.5
20220316	0100	0.00	65.5
20220316	0200	0.00	65.5
20220316	0300	0.00	63.3
20220316	0400	0.00	63.3
20220316	0500	0.00	63.3
20220316	0600	0.00	63.3
20220316	0700	0.00	65.5
20220316	0800	0.06	65.5
20220316	0900	0.07	83.8
20220316	1000	0.00	158
20220316	1100	0.11	458
20220316	1200	0.05	579
20220316	1300	0.01	707
20220316	1400	0.00	806
20220316	1500	0.00	799
20220316	1600	0.00	683
20220316	1700	0.00	542
20220316	1800	0.00	433
20220316	1900	0.00	368
20220316	2001	0.00	318
20220316	2100	0.00	273
20220316	2200	0.00	245
20220316	2300	0.00	224
20220317	0000	0.00	206
20220317	0100	0.01	189
20220317	0200	0.07	189
20220317	0300	0.01	258
20220317	0400	0.00	368
20220317	0500	0.00	364
20220317	0600	0.00	338
20220317	0701	0.00	321
20220317	0800	0.00	328
20220317	0900	0.00	325
20220317	1001	0.00	308
20220317	1100	0.00	286
20220317	1200	0.00	267
20220317	1300	0.00	255
20220317	1400	0.00	233
20220317	1500	0.00	218
20220317	1601	0.00	204
20220317	1700	0.00	192
20220317	1800	0.00	180
20220317	1900	0.00	169
20220317	2001	0.00	161
20220317	2100	0.00	153
20220317	2200	0.00	147
20220317	2300	0.00	142
20220318	0000	0.00	139
20220318	0100	0.00	134
20220318	0200	0.00	129
20220318	0300	0.00	126
20220318	0400	0.00	123
20220318	0500	0.00	121
20220318	0600	0.00	118
20220318	0700	0.00	116
20220318	0801	0.00	113
20220318	0900	0.00	111
20220318	1001	0.00	111
20220318	1100	0.00	108
20220318	1200	0.00	106
20220318	1300	0.00	103
20220318	1400	0.02	101
20220318	1500	0.06	101
20220318	1600	0.00	111
20220318	1701	0.00	139
20220318	1800	0.00	175
20220318	1900	0.00	175
20220318	2001	0.00	164
20220318	2100	0.00	153
20220318	2200	0.00	147
20220318	2300	0.00	139
20220319	0000	0.00	131
20220319	0100	0.00	126
20220319	0200	0.00	123
20220319	0301	0.00	118
20220319	0400	0.00	113
20220319	0500	0.00	111
20220319	0601	0.00	108
20220319	0700	0.00	106
20220319	0800	0.00	103
20220319	0900	0.00	101
20220319	1000	0.00	101
20220319	1100	0.00	98.2
20220319	1200	0.00	98.2
20220319	1300	0.00	95.8
20220319	1401	0.00	93.4
20220319	1500	0.00	93.4
20220319	1601	0.00	91.0
20220319	1700	0.00	91.0
20220319	1800	0.00	88.6
20220319	1900	0.00	88.6
20220319	2000	0.00	88.6
20220319	2100	0.00	88.6
20220319	2200	0.00	86.2
20220319	2300	0.00	86.2
20220320	0000	0.00	83.8
20220320	0100	0.00	83.8
20220320	0200	0.00	83.8
20220320	0300	0.00	81.5
20220320	0400	0.00	81.5
20220320	0500	0.00	81.5
20220320	0600	0.00	81.5
20220320	0700	0.00	79.1
20220320	0800	0.00	79.1
20220320	0900	0.00	79.1
20220320	1000	0.00	79.1
20220320	1100	0.00	79.1
20220320	1200	0.00	79.1
20220320	1301	0.00	76.8
20220320	1400	0.00	76.8
20220320	1500	0.00	76.8
20220320	1601	0.00	76.8
20220320	1700	0.00	74.5
20220320	1800	0.00	74.5
20220320	1900	0.00	74.5
20220320	2001	0.00	74.5
20220320	2100	0.00	72.2
20220320	2200	0.00	72.2
20220320	2300	0.00	72.2
20220321	0001	0.00	72.2
20220321	0101	0.00	72.2
20220321	0200	0.00	72.2
20220321	0300	0.00	72.2
20220321	0400	0.00	70.0
20220321	0501	0.00	70.0
20220321	0600	0.00	70.0
20220321	0700	0.00	70.0
20220321	0800	0.00	70.0
20220321	0900	0.00	67.7
20220321	1000	0.00	67.7
20220321	1100	0.00	67.7
20220321	1200	0.00	67.7
20220321	1300	0.00	67.7
20220321	1400	0.00	67.7
20220321	1500	0.00	67.7
20220321	1601	0.00	65.5
20220321	1700	0.00	65.5
20220321	1800	0.00	65.5
20220321	1900	0.00	65.5
20220321	2000	0.00	65.5
20220321	2100	0.00	65.5
20220321	2200	0.00	65.5
20220321	2300	0.00	65.5
20220322	0000	0.00	65.5
20220322	0100	0.00	65.5
20220322	0200	0.00	63.3
20220322	0300	0.00	63.3
20220322	0400	0.00	63.3
20220322	0501	0.00	63.3
20220322	0600	0.00	63.3
20220322	0700	0.00	63.3
20220322	0800	0.00	63.3
20220322	0901	0.00	63.3
20220322	1000	0.00	63.3
20220322	1100	0.00	63.3
20220322	1200	0.00	63.3
20220322	1300	0.00	63.3
20220322	1400	0.00	63.3
20220322	1500	0.00	63.3
20220322	1600	0.00	63.3
20220322	1700	0.00	61.1
20220322	1800	0.00	61.1
20220322	1900	0.00	61.1
20220322	2001	0.00	61.1
20220322	2100	0.00	61.1
20220322	2201	0.00	61.1
20220322	2300	0.00	61.1
20220323	0000	0.00	61.1
20220323	0101	0.00	61.1
20220323	0200	0.00	61.1
20220323	0301	0.00	61.1
20220323	0400	0.01	61.1
20220323	0500	0.00	61.1
20220323	0600	0.01	61.1
20220323	0700	0.00	63.3
20220323	0800	0.12	70.0
20220323	0900	0.12	103
20220323	1001	0.05	103
20220323	1101	0.05	212
20220323	1200	0.08	341
20220323	1300	0.08	341
20220323	1400	0.00	402
20220323	1500	0.00	402
20220323	1600	0.00	341
20220323	1700	0.00	341
20220323	1800	0.00	321
20220323	1900	0.00	258
20220323	2001	0.00	242
20220323	2100	0.00	230
20220323	2200	0.00	221
20220323	2301	0.00	212
20220324	0000	0.00	209
20220324	0100	0.00	204
20220324	0200	0.00	198
20220324	0300	0.00	189
20220324	0400	0.00	183
20220324	0500	0.00	172
20220324	0601	0.00	161
20220324	0700	0.00	153
20220324	0800	0.00	147
20220324	0900	0.00	139
20220324	1000	0.00	131
20220324	1100	0.00	123
20220324	1200	0.00	118
20220324	1300	0.00	113
20220324	1400	0.00	111
20220324	1500	0.00	108
20220324	1601	0.00	106
20220324	1700	0.00	103
20220324	1800	0.00	101
20220324	1900	0.00	101
20220324	2000	0.00	98.2
20220324	2100	0.00	95.8
20220324	2200	0.00	93.4
20220324	2300	0.00	93.4
20220325	0000	0.00	91.0
20220325	0100	0.00	91.0
20220325	0200	0.00	91.0
20220325	0300	0.00	88.6
20220325	0400	0.00	88.6
20220325	0500	0.00	88.6
20220325	0600	0.00	86.2
20220325	0700	0.00	83.8
20220325	0801	0.00	83.8
20220325	0900	0.00	83.8
20220325	1000	0.00	83.8
20220325	1100	0.00	81.5
20220325	1200	0.00	81.5
20220325	1301	0.00	81.5
20220325	1400	0.00	81.5
20220325	1500	0.00	79.1
20220325	1600	0.00	81.5
20220325	1701	0.00	79.1
20220325	1800	0.00	79.1
20220325	1900	0.00	79.1
20220325	2000	0.00	76.8
20220325	2100	0.00	76.8
20220325	2200	0.00	76.8
20220325	2300	0.00	79.1
20220326	0000	0.00	79.1
20220326	0100	0.00	79.1
20220326	0200	0.00	76.8
20220326	0300	0.00	76.8
20220326	0400	0.00	74.5
20220326	0500	0.00	74.5
20220326	0600	0.00	74.5
20220326	0700	0.00	72.2
20220326	0800	0.00	72.2
20220326	0900	0.00	72.2
20220326	1000	0.00	70.0
20220326	1100	0.00	70.0
20220326	1200	0.00	70.0
20220326	1300	0.00	70.0
20220326	1400	0.00	70.0
20220326	1500	0.00	70.0
20220326	1600	0.00	67.7
20220326	1700	0.00	67.7
20220326	1800	0.00	67.7
20220326	1900	0.00	65.5
20220326	2000	0.00	67.7
20220326	2100	0.00	65.5
20220326	2200	0.00	65.5
20220326	2301	0.00	65.5
20220327	0000	0.00	65.5
20220327	0101	0.00	65.5
20220327	0200	0.00	63.3
20220327	0300	0.00	63.3
20220327	0400	0.00	63.3
20220327	0500	0.00	63.3
20220327	0600	0.00	63.3
20220327	0700	0.00	63.3
20220327	0800	0.00	63.3
20220327	0900	0.00	63.3
20220327	1000	0.00	61.1
20220327	1100	0.00	63.3
20220327	1200	0.00	61.1
20220327	1300	0.00	61.1
20220327	1400	0.00	61.1
20220327	1500	0.00	61.1
20220327	1600	0.00	61.1
20220327	1700	0.00	61.1
20220327	1800	0.00	61.1
20220327	1900	0.00	61.1
20220327	2000	0.00	61.1
20220327	2100	0.00	61.1
20220327	2200	0.00	61.1
20220327	2300	0.00	61.1
20220328	0000	0.00	61.1
20220328	0100	0.00	61.1
20220328	0200	0.00	61.1
20220328	0300	0.00	61.1
20220328	0400	0.00	61.1
20220328	0500	0.00	61.1
20220328	0600	0.00	58.9
20220328	0700	0.00	58.9
20220328	0800	0.00	58.9
20220328	0900	0.00	58.9
20220328	1000	0.00	58.9
20220328	1100	0.00	58.9
20220328	1200	0.00	58.9
20220328	1300	0.00	58.9
20220328	1400	0.00	56.8
20220328	1500	0.00	56.8
20220328	1600	0.00	56.8
20220328	1701	0.00	56.8
20220328	1800	0.00	56.8
20220328	1900	0.00	56.8
20220328	2000	0.00	56.8
20220328	2100	0.00	56.8
20220328	2200	0.00	56.8
20220328	2300	0.00	56.8
20220329	0000	0.00	58.9
20220329	0100	0.00	56.8
20220329	0200	0.00	58.9
20220329	0300	0.00	56.8
20220329	0400	0.00	56.8
20220329	0501	0.00	56.8
20220329	0600	0.00	56.8
20220329	0700	0.00	56.8
20220329	0800	0.00	56.8
20220329	0900	0.00	56.8
20220329	1000	0.00	56.8
20220329	1100	0.00	56.8
20220329	1200	0.00	56.8
20220329	1300	0.00	56.8
20220329	1400	0.00	56.8
20220329	1500	0.00	56.8
20220329	1600	0.00	56.8
20220329	1700	0.00	56.8
20220329	1800	0.00	56.8
20220329	1900	0.00	56.8
20220329	2001	0.00	54.6
20220329	2100	0.00	54.6
20220329	2200	0.00	54.6
20220329	2300	0.00	54.6
20220330	0000	0.00	54.6
20220330	0100	0.00	54.6
20220330	0200	0.00	54.6
20220330	0300	0.00	54.6
20220330	0400	0.00	54.6
20220330	0500	0.00	54.6
20220330	0600	0.00	54.6
20220330	0700	0.00	54.6
20220330	0800	0.00	54.6
20220330	0900	0.00	54.6
20220330	1000	0.00	54.6
20220330	1100	0.00	54.6
20220330	1200	0.00	54.6
20220330	1300	0.00	54.6
20220330	1400	0.00	54.6
20220330	1500	0.00	54.6
20220330	1600	0.00	54.6
20220330	1700	0.00	54.6
20220330	1800	0.00	54.6
20220330	1900	0.00	54.6
20220330	2000	0.00	54.6
20220330	2100	0.00	56.8
20220330	2200	0.00	56.8
20220330	2300	0.00	56.8
20220331	0000	0.00	54.6
20220331	0100	0.00	54.6
20220331	0200	0.00	54.6
20220331	0300	0.00	54.6
20220331	0400	0.00	54.6
20220331	0500	0.01	54.6
20220331	0600	0.00	54.6
20220331	0700	0.02	54.6
20220331	0800	0.06	61.1
20220331	0900	0.08	86.2
20220331	1001	0.00	315
20220331	1100	0.00	997
20220331	1200	0.00	960
20220331	1301	0.00	710
20220331	1400	0.00	560
20220331	1500	0.00	560
20220331	1600	0.00	454
20220331	1700	0.00	454
20220331	1800	0.00	375
20220331	1900	0.00	375
20220331	2000	0.00	321
20220331	2100	0.00	270
20220331	2201	0.00	186
20220331	2300	0.00	155
20220401	0000	0.00	147
20220401	0100	0.00	139
20220401	0200	0.00	131
20220401	0300	0.00	126
20220401	0400	0.00	118
20220401	0500	0.00	113
20220401	0600	0.00	108
20220401	0700	0.00	103
20220401	0800	0.00	101
20220401	0900	0.00	98.2
20220401	1000	0.00	95.8
20220401	1100	0.00	93.4
20220401	1201	0.00	91.0
20220401	1300	0.00	88.6
20220401	1400	0.00	88.6
20220401	1501	0.00	86.2
20220401	1600	0.00	86.2
20220401	1700	0.00	28.9
20220401	1800	0.00	27.1
20220401	1900	0.00	27.1
20220401	2000	0.00	27.1
20220401	2101	0.00	25.3
20220401	2200	0.00	25.3
20220401	2300	0.00	25.3
20220402	0000	0.00	23.6
20220402	0100	0.00	23.6
20220402	0200	0.00	21.9
20220402	0300	0.00	21.9
20220402	0400	0.00	20.2
20220402	0500	0.00	20.2
20220402	0600	0.00	20.2
20220402	0700	0.00	18.5
20220402	0800	0.00	18.5
20220402	0900	0.00	18.5
20220402	1000	0.00	18.5
20220402	1100	0.00	18.5
20220402	1200	0.00	16.9
20220402	1300	0.00	16.9
20220402	1400	0.00	16.9
20220402	1500	0.00	16.9
20220402	1600	0.00	16.9
20220402	1700	0.00	15.3
20220402	1800	0.00	15.3
20220402	1900	0.00	15.3
20220402	2000	0.00	15.3
20220402	2100	0.00	15.3
20220402	2200	0.00	15.3
20220402	2300	0.00	15.3
20220403	0000	0.00	15.3
20220403	0100	0.00	15.3
20220403	0200	0.00	15.3
20220403	0300	0.00	13.8
20220403	0400	0.00	13.8
20220403	0500	0.00	13.8
20220403	0600	0.00	13.8
20220403	0700	0.00	13.8
20220403	0800	0.00	13.8
20220403	0900	0.00	13.8
20220403	1000	0.00	12.3
20220403	1100	0.00	12.3
20220403	1200	0.00	12.3
20220403	1300	0.00	12.3
20220403	1400	0.00	12.3
20220403	1500	0.00	12.3
20220403	1600	0.00	12.3
20220403	1700	0.00	12.3
20220403	1800	0.00	12.3
20220403	1900	0.00	12.3
20220403	2000	0.00	12.3
20220403	2100	0.00	12.3
20220403	2200	0.00	12.3
20220403	2300	0.00	12.3
20220404	0000	0.00	10.9
20220404	0100	0.00	10.9
20220404	0200	0.00	10.9
20220404	0300	0.00	10.9
20220404	0400	0.00	10.9
20220404	0500	0.00	10.9
20220404	0600	0.00	9.44
20220404	0700	0.00	58.9
20220404	0800	0.00	58.9
20220404	0900	0.00	58.9
20220404	1000	0.00	58.9
20220404	1100	0.00	58.9
20220404	1200	0.00	58.9
20220404	1300	0.00	58.9
20220404	1400	0.00	58.9
20220404	1500	0.00	58.9
20220404	1600	0.00	58.9
20220404	1700	0.00	58.9
20220404	1800	0.00	58.9
20220404	1900	0.00	58.9
20220404	2000	0.00	58.9
20220404	2100	0.00	56.8
20220404	2200	0.00	56.8
20220404	2300	0.00	58.9
20220405	0000	0.00	58.9
20220405	0100	0.00	58.9
20220405	0200	0.00	56.8
20220405	0300	0.00	56.8
20220405	0400	0.00	56.8
20220405	0500	0.00	56.8
20220405	0600	0.00	56.8
20220405	0700	0.00	56.8
20220405	0800	0.00	56.8
20220405	0900	0.00	56.8
20220405	1000	0.00	56.8
20220405	1100	0.00	56.8
20220405	1200	0.02	56.8
20220405	1300	0.08	56.8
20220405	1400	0.14	79.1
20220405	1500	0.07	113
20220405	1601	0.07	677
20220405	1700	0.00	948
20220405	1800	0.00	886
20220405	1900	0.00	759
20220405	2000	0.00	643
20220405	2100	0.00	523
20220405	2200	0.00	437
20220405	2300	0.00	371
20220406	0000	0.00	321
20220412	1020	0.00	61.1
20220412	1120	0.00	61.1
20220412	1220	0.00	61.1
20220412	1320	0.00	61.1
20220412	1420	0.00	61.1
20220412	1520	0.00	61.1
20220412	1620	0.00	61.1
20220412	1720	0.00	61.1
20220412	1820	0.00	61.1
20220412	1920	0.00	61.1
20220412	2020	0.00	61.1
20220412	2120	0.00	61.1
20220412	2220	0.00	61.1
20220412	2320	0.00	61.1
20220413	0020	0.00	61.1
20220413	0120	0.00	61.1
20220413	0220	0.00	61.1
20220413	0320	0.00	61.1
20220413	0420	0.00	61.1
20220413	0520	0.00	61.1
20220413	0620	0.00	61.1
20220413	0720	0.00	61.1
20220413	0820	0.00	61.1
20220413	0920	0.00	61.1
20220413	1020	0.00	61.1
20220413	1120	0.00	58.9
20220413	1220	0.00	58.9
20220413	1320	0.00	58.9
20220413	1420	0.00	58.9
20220413	1520	0.00	58.9
20220413	1620	0.00	58.9
20220413	1720	0.00	58.9
20220413	1820	0.00	58.9
20220413	1920	0.00	58.9
20220413	2020	0.00	58.9
20220413	2120	0.00	58.9
20220413	2220	0.00	58.9
20220413	2320	0.00	58.9
20220414	0020	0.00	58.9
20220414	0120	0.00	58.9
20220414	0220	0.00	58.9
20220414	0320	0.00	58.9
20220414	0420	0.00	58.9
20220414	0520	0.00	58.9
20220414	0620	0.00	58.9
20220414	0720	0.00	58.9
20220414	0820	0.00	58.9
20220414	0920	0.00	58.9
20220414	1020	0.00	58.9
20220414	1120	0.00	58.9
20220414	1220	0.00	58.9
20220414	1320	0.00	58.9
20220414	1420	0.00	58.9
20220414	1520	0.00	58.9
20220414	1620	0.00	58.9
20220414	1720	0.00	58.9
20220414	1820	0.00	58.9
20220414	1920	0.00	61.1
20220414	2020	0.00	61.1
20220414	2120	0.00	63.3
20220414	2220	0.00	61.1
20220414	2320	0.00	58.9
20220415	0020	0.00	58.9
20220415	0120	0.00	58.9
20220415	0220	0.00	58.9
20220415	0320	0.00	56.8
20220415	0420	0.00	56.8
20220415	0520	0.00	56.8
20220415	0620	0.00	56.8
20220415	0720	0.00	56.8
20220415	0820	0.00	56.8
20220415	0920	0.00	56.8
20220415	1020	0.00	56.8
20220415	1120	0.00	56.8
20220415	1220	0.00	56.8
20220415	1322	0.00	56.8
20220415	1420	0.00	54.6
20220415	1520	0.00	54.6
20220415	1620	0.00	54.6
20220415	1720	0.00	54.6
20220415	1820	0.00	54.6
20220415	1920	0.00	54.6
20220415	2020	0.00	54.6
20220415	2120	0.00	54.6
20220415	2220	0.00	54.6
20220415	2320	0.00	54.6
20220416	0020	0.00	54.6
20220416	0120	0.00	54.6
20220416	0220	0.00	54.6
20220416	0320	0.00	54.6
20220416	0420	0.00	54.6
20220416	0520	0.00	54.6
20220416	0620	0.00	54.6
20220416	0720	0.00	54.6
20220416	0820	0.01	54.6
20220416	0920	0.00	54.6
20220416	1020	0.00	56.8
20220416	1120	0.00	58.9
20220416	1220	0.00	56.8
20220416	1320	0.00	56.8
20220416	1420	0.00	56.8
20220416	1520	0.00	54.6
20220416	1620	0.00	54.6
20220416	1720	0.00	54.6
20220416	1820	0.00	54.6
20220416	1920	0.00	54.6
20220416	2020	0.00	54.6
20220416	2120	0.00	54.6
20220416	2220	0.00	54.6
20220416	2320	0.00	54.6
20220417	0020	0.00	54.6
20220417	0120	0.00	54.6
20220417	0220	0.00	54.6
20220417	0320	0.00	54.6
20220417	0420	0.00	54.6
20220417	0520	0.00	54.6
20220417	0620	0.00	54.6
20220417	0720	0.00	54.6
20220417	0820	0.00	54.6
20220417	0920	0.00	54.6
20220417	1020	0.00	54.6
20220417	1120	0.00	54.6
20220417	1220	0.00	54.6
20220417	1320	0.00	54.6
20220417	1420	0.00	54.6
20220417	1520	0.00	54.6
20220417	1620	0.00	54.6
20220417	1720	0.00	54.6
20220417	1820	0.00	54.6
20220417	1920	0.00	54.6
20220417	2020	0.00	54.6
20220417	2120	0.00	54.6
20220417	2220	0.00	54.6
20220417	2320	0.00	54.6
20220418	0020	0.01	54.6
20220418	0120	0.00	54.6
20220418	0220	0.00	58.9
20220418	0320	0.16	153
20220418	0420	0.02	680
20220418	0520	0.10	994
20220418	0620	0.15	1230
20220418	0720	0.02	1280
20220418	0820	0.03	1310
20220418	0920	0.02	1450
20220418	1020	0.00	1600
20220418	1120	0.00	1570
20220418	1220	0.00	1400
20220418	1320	0.00	1200
20220418	1420	0.00	1010
20220418	1520	0.00	852
20220418	1620	0.00	766
20220418	1720	0.00	707
20220418	1820	0.00	689
20220418	1920	0.00	661
20220418	2020	0.00	655
20220418	2120	0.00	646
20220418	2220	0.00	636
20220418	2320	0.00	621
20220419	0020	0.00	605
20220419	0120	0.00	583
20220419	0220	0.00	556
20220419	0320	0.00	519
20220419	0420	0.00	519
20220419	0520	0.00	423
20220419	0620	0.00	368
20220419	0720	0.00	315
20220419	0820	0.00	264
20220419	0920	0.00	230
20220419	1020	0.00	206
20220419	1120	0.00	192
20220419	1220	0.00	178
20220419	1320	0.00	169
20220419	1420	0.00	164
20220419	1520	0.00	158
20220419	1620	0.00	153
20220419	1720	0.00	147
20220419	1820	0.00	142
20220419	1920	0.00	137
20220419	2020	0.00	134
20220419	2120	0.00	129
20220419	2220	0.00	126
20220419	2320	0.00	121
20220420	0020	0.00	118
20220420	0120	0.00	116
20220420	0220	0.00	113
20220420	0320	0.00	111
20220420	0420	0.00	111
20220420	0520	0.00	106
20220420	0620	0.00	106
20220420	0720	0.00	103
20220420	0820	0.00	101
20220420	0920	0.00	101
20220420	1020	0.00	98.2
20220420	1120	0.00	98.2
20220420	1220	0.00	95.8
20220420	1320	0.00	93.4
20220420	1420	0.00	93.4
20220420	1520	0.00	93.4
20220420	1620	0.00	91.0
20220420	1720	0.00	91.0
20220420	1820	0.00	91.0
20220420	1920	0.00	91.0
20220420	2020	0.00	88.6
20220420	2120	0.00	88.6
20220420	2220	0.00	88.6
20220420	2320	0.00	88.6
20220421	0020	0.00	86.2
20220421	0120	0.00	86.2
20220421	0220	0.00	83.8
20220421	0320	0.00	83.8
20220421	0420	0.00	83.8
20220421	0520	0.00	83.8
20220421	0620	0.00	83.8
20220421	0720	0.00	81.5
20220421	0820	0.00	81.5
20220421	0920	0.00	81.5
20220421	1020	0.00	81.5
20220421	1120	0.00	81.5
20220421	1220	0.00	81.5
20220421	1320	0.00	79.1
20220421	1420	0.00	79.1
20220421	1520	0.00	79.1
20220421	1620	0.00	79.1
20220421	1720	0.00	76.8
20220421	1820	0.00	76.8
20220421	1820	0.00	76.8
20220421	1920	0.00	76.8
20220421	1920	0.00	76.8
20220421	2020	0.00	74.5
20220421	2020	0.00	74.5
20220421	2120	0.00	74.5
20220421	2120	0.00	74.5
20220421	2220	0.00	74.5
20220421	2220	0.00	74.5
20220421	2320	0.00	74.5
20220421	2320	0.00	74.5
20220422	0020	0.00	72.2
20220422	0020	0.00	72.2
20220422	0120	0.00	72.2
20220422	0120	0.00	72.2
20220422	0220	0.00	72.2
20220422	0220	0.00	72.2
20220422	0320	0.00	72.2
20220422	0320	0.00	72.2
20220422	0420	0.00	72.2
20220422	0420	0.00	72.2
20220422	0520	0.00	72.2
20220422	0520	0.00	72.2
20220422	0620	0.00	72.2
20220422	0620	0.00	72.2
20220422	0720	0.00	70.0
20220422	0720	0.00	70.0
20220422	0820	0.00	70.0
20220422	0820	0.00	70.0
20220422	0920	0.00	70.0
20220422	0920	0.00	70.0
20220422	1020	0.00	70.0
20220422	1020	0.00	70.0
20220422	1120	0.00	70.0
20220422	1120	0.00	70.0
20220422	1220	0.00	70.0
20220422	1220	0.00	70.0
20220422	1320	0.00	70.0
20220422	1320	0.00	70.0
20220422	1420	0.00	67.7
20220422	1420	0.00	67.7
20220422	1520	0.00	67.7
20220422	1520	0.00	67.7
20220422	1620	0.00	67.7
20220422	1620	0.00	67.7
20220422	1720	0.00	67.7
20220422	1720	0.00	67.7
20220422	1820	0.00	67.7
20220422	1820	0.00	67.7
20220422	1920	0.00	67.7
20220422	1920	0.00	67.7
20220422	2020	0.00	67.7
20220422	2020	0.00	67.7
20220422	2120	0.00	65.5
20220422	2120	0.00	65.5
20220422	2220	0.00	65.5
20220422	2220	0.00	65.5
20220422	2320	0.00	65.5
20220422	2320	0.00	65.5
20220423	0020	0.00	65.5
20220423	0020	0.00	65.5
20220423	0120	0.00	65.5
20220423	0120	0.00	65.5
20220423	0220	0.00	65.5
20220423	0220	0.00	65.5
20220423	0320	0.00	63.3
20220423	0320	0.00	63.3
20220423	0420	0.00	63.3
20220423	0420	0.00	63.3
20220423	0520	0.00	63.3
20220423	0520	0.00	63.3
20220423	0620	0.00	63.3
20220423	0620	0.00	63.3
20220423	0720	0.00	63.3
20220423	0720	0.00	63.3
20220423	0820	0.00	63.3
20220423	0820	0.00	63.3
20220423	0920	0.00	63.3
20220423	0920	0.00	63.3
20220423	1020	0.00	63.3
20220423	1020	0.00	63.3
20220423	1120	0.00	63.3
20220423	1120	0.00	63.3
20220423	1220	0.00	63.3
20220423	1220	0.00	63.3
20220423	1320	0.00	63.3
20220423	1320	0.00	63.3
20220423	1420	0.00	63.3
20220423	1420	0.00	63.3
20220423	1520	0.00	63.3
20220423	1520	0.00	63.3
20220423	1620	0.00	63.3
20220423	1620	0.00	63.3
20220423	1720	0.00	63.3
20220423	1720	0.00	63.3
20220423	1820	0.00	63.3
20220423	1820	0.00	63.3
20220423	1920	0.00	63.3
20220423	1920	0.00	63.3
20220423	2020	0.00	61.1
20220423	2020	0.00	61.1
20220423	2120	0.00	61.1
20220423	2120	0.00	61.1
20220423	2220	0.00	61.1
20220423	2220	0.00	61.1
20220423	2320	0.00	61.1
20220423	2320	0.00	61.1
20220424	0020	0.00	61.1
20220424	0020	0.00	61.1
20220424	0120	0.00	61.1
20220424	0120	0.00	61.1
20220424	0220	0.00	61.1
20220424	0220	0.00	61.1
20220424	0320	0.00	61.1
20220424	0320	0.00	61.1
20220424	0420	0.00	61.1
20220424	0420	0.00	61.1
20220424	0520	0.00	58.9
20220424	0520	0.00	58.9
20220424	0620	0.00	58.9
20220424	0620	0.00	58.9
20220424	0720	0.00	58.9
20220424	0720	0.00	58.9
20220424	0820	0.00	58.9
20220424	0820	0.00	58.9
20220424	0920	0.00	58.9
20220424	0920	0.00	58.9
20220424	1020	0.00	58.9
20220424	1020	0.00	58.9
20220424	1120	0.00	58.9
20220424	1120	0.00	58.9
20220424	1220	0.00	58.9
20220424	1220	0.00	58.9
20220424	1320	0.00	58.9
20220424	1320	0.00	58.9
20220424	1420	0.00	58.9
20220424	1420	0.00	58.9
20220424	1520	0.00	58.9
20220424	1520	0.00	58.9
20220424	1620	0.00	58.9
20220424	1620	0.00	58.9
20220424	1720	0.00	58.9
20220424	1720	0.00	58.9
20220424	1820	0.00	58.9
20220424	1820	0.00	58.9
20220424	1920	0.00	58.9
20220424	1920	0.00	58.9
20220424	2020	0.00	58.9
20220424	2020	0.00	58.9
20220424	2120	0.00	58.9
20220424	2120	0.00	58.9
20220424	2220	0.00	56.8
20220424	2220	0.00	56.8
20220424	2320	0.00	56.8
20220424	2320	0.00	56.8
20220425	0020	0.00	56.8
20220425	0020	0.00	56.8
20220425	0120	0.00	56.8
20220425	0120	0.00	56.8
20220425	0220	0.00	56.8
20220425	0220	0.00	56.8
20220425	0320	0.00	56.8
20220425	0320	0.00	56.8
20220425	0420	0.00	56.8
20220425	0420	0.00	56.8
20220425	0520	0.00	56.8
20220425	0520	0.00	56.8
20220425	0620	0.00	58.9
20220425	0620	0.00	58.9
20220425	0720	0.00	58.9
20220425	0720	0.00	58.9
20220425	0820	0.00	56.8
20220425	0820	0.00	56.8
20220425	0920	0.00	56.8
20220425	0920	0.00	56.8
20220425	1020	0.00	56.8
20220425	1020	0.00	56.8
20220425	1120	0.00	56.8
20220425	1120	0.00	56.8
20220425	1220	0.00	56.8
20220425	1220	0.00	56.8
20220425	1320	0.00	56.8
20220425	1320	0.00	56.8
20220425	1420	0.00	56.8
20220425	1420	0.00	56.8
20220425	1520	0.00	56.8
20220425	1520	0.00	56.8
20220425	1620	0.00	56.8
20220425	1620	0.00	56.8
20220425	1720	0.00	56.8
20220425	1720	0.00	56.8
20220425	1820	0.00	56.8
20220425	1820	0.00	56.8
20220425	1920	0.00	56.8
20220425	1920	0.00	56.8
20220425	2020	0.00	56.8
20220425	2020	0.00	56.8
20220425	2120	0.00	58.9
20220425	2120	0.00	58.9
20220425	2220	0.00	58.9
20220425	2220	0.00	58.9
20220425	2320	0.00	56.8
20220425	2320	0.00	56.8
20220426	0020	0.00	54.6
20220426	0020	0.00	54.6
20220426	0120	0.00	54.6
20220426	0120	0.00	54.6
20220426	0220	0.00	54.6
20220426	0220	0.00	54.6
20220426	0320	0.00	54.6
20220426	0320	0.00	54.6
20220426	0420	0.00	54.6
20220426	0420	0.00	54.6
20220426	0520	0.00	54.6
20220426	0520	0.00	54.6
20220426	0620	0.00	54.6
20220426	0620	0.00	54.6
20220426	0720	0.00	54.6
20220426	0720	0.00	54.6
20220426	0820	0.00	54.6
20220426	0820	0.00	54.6
20220426	0920	0.00	54.6
20220426	0920	0.00	54.6
20220426	1020	0.00	54.6
20220426	1020	0.00	54.6
20220426	1120	0.00	54.6
20220426	1120	0.00	54.6
20220426	1220	0.00	54.6
20220426	1220	0.00	54.6
20220426	1320	0.09	63.3
20220426	1320	0.09	63.3
20220426	1420	0.00	86.2
20220426	1420	0.00	86.2
20220426	1520	0.00	86.2
20220426	1520	0.00	86.2
20220426	1620	0.00	72.2
20220426	1620	0.00	72.2
20220426	1720	0.00	65.5
20220426	1720	0.00	65.5
20220426	1820	0.00	63.3
20220426	1820	0.00	63.3
20220426	1920	0.00	61.1
20220426	1920	0.00	61.1
20220426	2020	0.00	58.9
20220426	2020	0.00	58.9
20220426	2120	0.00	56.8
20220426	2120	0.00	56.8
20220426	2220	0.00	56.8
20220426	2220	0.00	56.8
20220426	2320	0.00	54.6
20220426	2320	0.00	54.6
20220427	0020	0.00	54.6
20220427	0020	0.00	54.6
20220427	0120	0.00	54.6
20220427	0120	0.00	54.6
20220427	0220	0.00	54.6
20220427	0220	0.00	54.6
20220427	0320	0.00	54.6
20220427	0320	0.00	54.6
20220427	0420	0.00	54.6
20220427	0420	0.00	54.6
20220427	0520	0.00	54.6
20220427	0520	0.00	54.6
20220427	0620	0.00	54.6
20220427	0620	0.00	54.6
20220427	0720	0.00	54.6
20220427	0720	0.00	54.6
20220427	0820	0.00	54.6
20220427	0820	0.00	54.6
20220427	0920	0.00	54.6
20220427	0920	0.00	54.6
20220427	1020	0.00	54.6
20220427	1020	0.00	54.6
20220427	1120	0.00	54.6
20220427	1120	0.00	54.6
20220427	1220	0.00	54.6
20220427	1220	0.00	54.6
20220427	1320	0.00	54.6
20220427	1320	0.00	54.6
20220427	1420	0.00	54.6
20220427	1420	0.00	54.6
20220427	1520	0.00	54.6
20220427	1520	0.00	54.6
20220427	1620	0.00	54.6
20220427	1620	0.00	54.6
20220427	1720	0.00	54.6
20220427	1720	0.00	54.6
20220427	1820	0.00	54.6
20220427	1820	0.00	54.6
20220427	1920	0.00	54.6
20220427	1920	0.00	54.6
20220427	2020	0.00	54.6
20220427	2020	0.00	54.6
20220427	2120	0.00	54.6
20220427	2120	0.00	54.6
20220427	2220	0.00	54.6
20220427	2220	0.00	54.6
20220427	2320	0.00	54.6
20220427	2320	0.00	54.6
20220428	1124	0.00	54.6
20220428	1224	0.00	54.6
20220428	1324	0.00	54.6
20220428	1424	0.00	54.6
20220428	1524	0.00	54.6
20220428	1624	0.00	54.6
20220428	1724	0.00	54.6
20220428	1824	0.00	54.6
20220428	1924	0.00	54.6
20220428	2024	0.00	54.6
20220428	2124	0.00	54.6
20220428	2224	0.00	54.6
20220428	2324	0.00	52.5
20220429	0024	0.00	52.5
20220429	0124	0.00	52.5
20220429	0224	0.00	52.5
20220429	0324	0.00	52.5
20220429	0424	0.00	52.5
20220429	0524	0.00	50.4
20220429	0624	0.00	50.4
20220429	0724	0.00	50.4
20220429	0824	0.00	50.4
20220429	0924	0.00	50.4
20220429	1024	0.00	50.4
20220429	1124	0.00	50.4
20220429	1224	0.00	50.4
20220429	1324	0.00	50.4
20220429	1424	0.00	50.4
20220429	1524	0.00	50.4
20220429	1624	0.00	50.4
20220429	1724	0.00	50.4
20220429	1824	0.00	50.4
20220429	1924	0.00	50.4
20220429	2024	0.00	50.4
20220429	2124	0.00	50.4
20220429	2224	0.00	50.4
20220429	2324	0.00	50.4
20220430	0024	0.00	50.4
20220430	0124	0.00	50.4
20220430	0224	0.00	50.4
20220430	0324	0.00	50.4
20220430	0424	0.00	50.4
20220430	0524	0.00	50.4
20220430	0624	0.00	50.4
20220430	0724	0.00	50.4
20220430	0824	0.00	50.4
20220430	0924	0.00	50.4
20220430	1024	0.00	50.4
20220430	1124	0.00	50.4
20220430	1224	0.00	50.4
20220430	1324	0.00	50.4
20220430	1424	0.00	50.4
20220430	1524	0.00	50.4
20220430	1624	0.00	50.4
20220430	1724	0.00	50.4
20220430	1824	0.00	50.4
20220430	1924	0.00	50.4
20220430	2024	0.00	50.4
20220430	2124	0.00	50.4
20220430	2224	0.00	50.4
20220430	2324	0.00	50.4
20220501	0024	0.00	50.4
20220501	0124	0.00	50.4
20220501	0224	0.00	50.4
20220501	0324	0.00	50.4
20220501	0424	0.00	50.4
20220501	0524	0.00	50.4
20220501	0624	0.00	50.4
20220501	0724	0.00	50.4
20220501	0824	0.00	50.4
20220501	0924	0.00	50.4
20220501	1024	0.00	50.4
20220501	1124	0.00	50.4
20220501	1224	0.00	50.4
20220501	1324	0.00	50.4
20220501	1424	0.00	50.4
20220501	1524	0.00	50.4
20220501	1624	0.00	50.4
20220501	1724	0.00	50.4
20220501	1824	0.00	50.4
20220501	1924	0.00	50.4
20220501	2024	0.00	50.4
20220501	2124	0.00	50.4
20220501	2224	0.00	50.4
20220501	2324	0.00	50.4
20220502	0024	0.00	50.4
20220502	0124	0.00	50.4
20220502	0224	0.00	50.4
20220502	0324	0.00	50.4
20220502	0424	0.00	50.4
20220502	0524	0.00	50.4
20220502	0624	0.00	50.4
20220502	0724	0.00	50.4
20220502	0824	0.00	50.4
20220502	0924	0.00	50.4
20220502	1024	0.00	50.4
20220502	1124	0.00	50.4
20220502	1224	0.00	50.4
20220502	1324	0.00	50.4
20220502	1424	0.00	50.4
20220502	1524	0.00	50.4
20220502	1624	0.00	50.4
20220502	1724	0.00	48.4
20220502	1824	0.00	48.4
20220502	1924	0.00	48.4
20220502	2024	0.00	48.4
20220502	2124	0.00	48.4
20220502	2224	0.00	48.4
20220502	2324	0.00	48.4
20220503	0024	0.00	48.4
20220503	0124	0.00	48.4
20220503	0224	0.00	48.4
20220503	0324	0.00	48.4
20220503	0424	0.00	48.4
20220503	0524	0.00	48.4
20220503	0624	0.00	48.4
20220503	0724	0.00	48.4
20220503	0824	0.00	48.4
20220503	0924	0.00	48.4
20220503	1024	0.00	48.4
20220503	1124	0.00	48.4
20220503	1224	0.00	48.4
20220503	1324	0.00	48.4
20220503	1424	0.00	48.4
20220503	1524	0.00	48.4
20220503	1624	0.00	48.4
20220503	1724	0.00	48.4
20220503	1824	0.00	48.4
20220503	1924	0.00	48.4
20220503	2024	0.00	46.3
20220503	2124	0.00	46.3
20220503	2224	0.00	46.3
20220503	2324	0.00	46.3
20220504	0024	0.00	46.3
20220504	0124	0.00	46.3
20220504	0224	0.00	46.3
20220504	0324	0.00	46.3
20220504	0424	0.00	46.3
20220504	0524	0.00	46.3
20220504	0624	0.00	46.3
20220504	0724	0.00	46.3
20220504	0824	0.00	46.3
20220504	0924	0.00	46.3
20220504	1024	0.00	46.3
20220504	1124	0.00	46.3
20220504	1224	0.00	46.3
20220504	1324	0.00	46.3
20220504	1424	0.00	46.3
20220504	1524	0.00	46.3
20220504	1624	0.00	46.3
20220504	1724	0.00	46.3
20220504	1824	0.00	46.3
20220504	1924	0.00	46.3
20220504	2024	0.00	46.3
20220504	2124	0.00	46.3
20220504	2224	0.00	46.3
20220504	2324	0.00	46.3
20220505	0024	0.00	46.3
20220505	0124	0.00	46.3
20220505	0224	0.00	46.3
20220505	0324	0.00	46.3
20220505	0424	0.00	46.3
20220505	0524	0.00	46.3
20220505	0624	0.00	46.3
20220505	0724	0.00	46.3
20220505	0824	0.00	46.3
20220505	0924	0.00	46.3
20220505	1024	0.00	46.3
20220505	1124	0.00	46.3
20220505	1224	0.00	46.3
20220505	1324	0.00	46.3
20220505	1424	0.00	46.3
20220505	1524	0.00	46.3
20220505	1624	0.00	46.3
20220505	1724	0.00	46.3
20220505	1824	0.00	46.3
20220505	1924	0.00	46.3
20220505	2024	0.00	46.3
20220505	2126	0.00	46.3
20220505	2224	0.00	46.3
20220505	2324	0.00	46.3
20220506	0024	0.00	46.3
20220506	0124	0.00	46.3
20220506	0224	0.00	46.3
20220506	0324	0.00	46.3
20220506	0424	0.00	46.3
20220506	0524	0.01	46.3
20220506	0624	0.00	46.3
20220506	0724	0.00	46.3
20220506	0824	0.00	48.4
20220506	0924	0.00	46.3
20220506	1024	0.00	46.3
20220506	1124	0.00	46.3
20220506	1224	0.01	46.3
20220506	1324	0.00	46.3
20220506	1424	0.00	46.3
20220506	1524	0.00	46.3
20220506	1624	0.00	46.3
20220506	1724	0.00	46.3
20220506	1824	0.00	46.3
20220506	1924	0.00	46.3
20220506	2024	0.00	46.3
20220506	2124	0.00	46.3
20220506	2224	0.00	46.3
20220506	2324	0.00	46.3
20220507	0024	0.00	46.3
20220507	0124	0.00	46.3
20220507	0224	0.00	46.3
20220507	0324	0.00	46.3
20220507	0424	0.00	46.3
20220507	0524	0.00	46.3
20220507	0624	0.00	46.3
20220507	0724	0.00	46.3
20220507	0824	0.00	46.3
20220507	0924	0.00	46.3
20220507	1024	0.00	46.3
20220507	1124	0.00	46.3
20220507	1224	0.00	46.3
20220507	1324	0.00	46.3
20220507	1424	0.00	46.3
20220507	1524	0.00	46.3
20220507	1624	0.00	46.3
20220507	1724	0.00	46.3
20220507	1824	0.00	46.3
20220507	1924	0.00	46.3
20220507	2024	0.00	46.3
20220507	2124	0.00	46.3
20220507	2224	0.00	46.3
20220507	2324	0.00	46.3
20220508	0024	0.00	46.3
20220508	0124	0.00	46.3
20220508	0224	0.00	46.3
20220508	0324	0.00	46.3
20220508	0424	0.00	46.3
20220508	0524	0.00	46.3
20220508	0624	0.00	46.3
20220508	0724	0.00	46.3
20220508	0824	0.00	46.3
20220508	0924	0.00	44.3
20220508	1024	0.00	44.3
20220508	1124	0.00	44.3
20220508	1224	0.00	44.3
20220508	1324	0.00	44.3
20220508	1424	0.00	44.3
20220508	1524	0.00	44.3
20220508	1624	0.00	44.3
20220508	1724	0.00	44.3
20220508	1824	0.00	44.3
20220508	1924	0.00	44.3
20220508	2024	0.00	44.3
20220508	2124	0.00	44.3
20220508	2224	0.00	44.3
20220508	2324	0.00	44.3
20220509	0024	0.00	44.3
20220509	0124	0.00	44.3
20220509	0224	0.00	44.3
20220509	0324	0.00	44.3
20220509	0424	0.00	44.3
20220509	0524	0.00	44.3
20220509	0624	0.00	44.3
20220509	0724	0.00	44.3
20220509	0824	0.00	44.3
20220509	0924	0.00	44.3
20220509	1024	0.00	44.3
20220509	1124	0.00	44.3
20220509	1224	0.00	44.3
20220509	1324	0.00	44.3
20220509	1424	0.00	44.3
20220509	1524	0.00	44.3
20220509	1624	0.00	44.3
20220509	1724	0.00	44.3
20220509	1824	0.00	44.3
20220509	1924	0.00	44.3
20220509	2024	0.00	44.3
20220509	2124	0.00	44.3
20220509	2224	0.00	44.3
20220509	2324	0.00	44.3
20220510	0024	0.00	42.3
20220510	0124	0.00	42.3
20220510	0224	0.00	42.3
20220510	0324	0.00	42.3
20220510	0424	0.00	42.3
20220510	0524	0.00	42.3
20220510	0624	0.00	42.3
20220510	0724	0.00	42.3
20220510	0824	0.00	42.3
20220510	0924	0.00	42.3
20220510	0954	0.00	42.3
20220510	1054	0.00	42.3
20220510	1154	0.00	42.3
20220510	1254	0.00	42.3
20220510	1354	0.00	42.3
20220510	1454	0.00	42.3
20220510	1554	0.00	42.3
20220510	1654	0.00	42.3
20220510	1754	0.00	42.3
20220510	1854	0.00	42.3
20220510	1954	0.00	42.3
20220510	2054	0.00	42.3
20220510	2154	0.00	42.3
20220510	2303	0.00	42.3
20220511	0003	0.00	42.3
20220511	0103	0.00	42.3
20220511	0203	0.00	40.3
20220511	0303	0.00	40.3
20220511	0403	0.00	40.3
20220511	0503	0.00	40.3
20220511	0603	0.00	40.3
20220511	0703	0.00	40.3
20220511	0803	0.00	40.3
20220511	0903	0.00	40.3
20220511	1003	0.00	40.3
20220511	1103	0.00	40.3
20220511	1203	0.00	40.3
20220511	1303	0.00	40.3
20220511	1403	0.00	40.3
20220511	1503	0.00	40.3
20220511	1603	0.00	40.3
20220511	1703	0.00	40.3
20220511	1803	0.00	40.3
20220511	1903	0.00	40.3
20220511	2003	0.00	40.3
20220511	2103	0.00	40.3
20220511	2203	0.00	40.3
20220511	2303	0.00	40.3
20220512	0003	0.00	40.3
20220512	0103	0.00	40.3
20220512	0203	0.00	40.3
20220512	0303	0.00	40.3
20220512	0403	0.00	40.3
20220512	0503	0.00	40.3
20220512	0603	0.00	40.3
20220512	0703	0.00	40.3
20220512	0803	0.00	40.3
20220512	0903	0.00	40.3
20220512	1003	0.00	40.3
20220512	1103	0.00	40.3
20220512	1203	0.00	40.3
20220512	1303	0.00	40.3
20220512	1403	0.00	40.3
20220512	1503	0.00	40.3
20220512	1603	0.00	40.3
20220512	1703	0.00	40.3
20220512	1803	0.00	40.3
20220512	1903	0.00	40.3
20220512	2004	0.00	40.3
20220512	2103	0.00	40.3
20220512	2203	0.00	40.3
20220512	2303	0.00	40.3
20220513	0003	0.00	40.3
20220513	0103	0.00	40.3
20220513	0203	0.00	40.3
20220513	0303	0.00	40.3
20220513	0403	0.00	40.3
20220513	0503	0.00	40.3
20220513	0603	0.00	40.3
20220513	0703	0.00	40.3
20220513	0803	0.00	40.3
20220513	0903	0.00	40.3
20220513	1003	0.00	40.3
20220513	1103	0.00	40.3
20220513	1203	0.00	40.3
20220513	1303	0.00	40.3
20220513	1403	0.00	40.3
20220513	1503	0.00	40.3
20220513	1603	0.00	40.3
20220513	1703	0.00	40.3
20220513	1803	0.00	40.3
20220513	1903	0.00	40.3
20220513	2003	0.00	42.3
20220513	2103	0.00	52.5
20220513	2203	0.00	52.5
20220513	2303	0.00	52.5
20220514	0003	0.00	52.5
20220514	0103	0.02	50.4
20220514	0203	0.00	50.4
20220514	0303	0.00	46.3
20220514	0403	0.00	52.5
20220514	0503	0.00	88.6
20220514	0603	0.00	86.2
20220514	0703	0.00	72.2
20220514	0803	0.00	67.7
20220514	0903	0.00	65.5
20220514	1003	0.00	63.3
20220514	1103	0.00	58.9
20220514	1203	0.00	54.6
20220514	1303	0.00	54.6
20220514	1403	0.00	52.5
20220514	1503	0.00	52.5
20220514	1603	0.00	50.4
20220514	1703	0.00	50.4
20220514	1803	0.00	48.4
20220514	1903	0.00	48.4
20220514	2003	0.00	61.1
20220514	2103	0.00	108
20220514	2203	0.00	76.8
20220514	2303	0.00	61.1
20220515	0003	0.00	52.5
20220515	0103	0.00	48.4
20220515	0203	0.00	46.3
20220515	0303	0.00	44.3
20220515	0403	0.00	42.3
20220515	0503	0.00	42.3
20220515	0603	0.00	42.3
20220515	0703	0.00	42.3
20220515	0803	0.00	42.3
20220515	0903	0.00	40.3
20220515	1003	0.00	40.3
20220515	1103	0.00	40.3
20220515	1203	0.00	40.3
20220515	1303	0.00	40.3
20220515	1403	0.00	40.3
20220515	1503	0.00	40.3
20220515	1603	0.00	40.3
20220515	1703	0.00	40.3
20220515	1803	0.00	40.3
20220515	1903	0.00	63.3
20220515	2003	0.00	74.5
20220515	2103	0.00	58.9
20220515	2203	0.00	52.5
20220515	2303	0.00	48.4
20220516	0003	0.00	46.3
20220516	0103	0.00	63.3
20220516	0203	0.00	95.8
20220516	0303	0.00	91.0
20220516	0403	0.00	79.1
20220516	0503	0.00	72.2
20220516	0603	0.00	70.0
20220516	0703	0.00	67.7
20220516	0803	0.00	63.3
20220516	0903	0.00	58.9
20220516	1003	0.00	54.6
20220516	1103	0.00	50.4
20220516	1203	0.00	50.4
20220516	1303	0.00	48.4
20220516	1403	0.00	46.3
20220516	1503	0.00	46.3
20220516	1603	0.00	46.3
20220516	1703	0.00	44.3
20220516	1803	0.00	44.3
20220516	1903	0.00	44.3
20220516	2003	0.00	42.3
20220516	2103	0.00	42.3
20220516	2203	0.00	42.3
20220516	2303	0.00	42.3
20220517	0003	0.00	42.3
20220517	0103	0.00	40.3
20220517	0203	0.00	40.3
20220517	0303	0.00	40.3
20220517	0403	0.00	40.3
20220517	0503	0.00	40.3
20220517	0603	0.00	40.3
20220517	0703	0.00	40.3
20220517	0803	0.00	40.3
20220517	0903	0.00	40.3
20220517	0918	0.00	40.3
20220517	0948	0.00	40.3
20220517	0950	0.00	40.3
20220517	1050	0.00	40.3
20220517	1150	0.00	40.3
20220517	1250	0.00	40.3
20220517	1350	0.00	40.3
20220517	1450	0.00	40.3
20220517	1550	0.00	40.3
20220517	1650	0.00	40.3
20220517	1750	0.00	40.3
20220517	1850	0.00	40.3
20220517	1950	0.00	40.3
20220517	2050	0.00	40.3
20220517	2150	0.00	40.3
20220517	2250	0.00	40.3
20220517	2350	0.00	40.3
20220518	0050	0.00	40.3
20220518	0150	0.00	40.3
20220518	0250	0.00	40.3
20220518	0350	0.00	40.3
20220518	0450	0.00	38.3
20220518	0550	0.00	38.3
20220518	0650	0.00	38.3
20220518	0750	0.00	38.3
20220518	0850	0.00	38.3
20220518	0950	0.00	38.3
20220518	1050	0.00	38.3
20220518	1150	0.00	38.3
20220518	1250	0.00	38.3
20220518	1350	0.00	38.3
20220518	1450	0.00	38.3
20220518	1550	0.00	38.3
20220518	1650	0.00	38.3
20220518	1750	0.00	38.3
20220518	1850	0.00	38.3
20220518	1950	0.00	38.3
20220518	2050	0.00	38.3
20220518	2150	0.00	38.3
20220518	2250	0.00	38.3
20220518	2350	0.00	38.3
20220519	0050	0.00	38.3
20220519	0150	0.00	38.3
20220519	0250	0.00	38.3
20220519	0350	0.00	38.3
20220519	0450	0.00	38.3
20220519	0550	0.00	38.3
20220519	0650	0.00	38.3
20220519	0750	0.00	38.3
20220519	0850	0.00	38.3
20220519	0950	0.00	38.3
20220519	1050	0.00	38.3
20220519	1150	0.00	38.3
20220519	1250	0.00	38.3
20220519	1351	0.00	38.3
20220519	1450	0.00	38.3
20220519	1550	0.00	38.3
20220519	1650	0.00	38.3
20220519	1750	0.00	38.3
20220519	1850	0.00	38.3
20220519	1950	0.00	38.3
20220519	2050	0.00	38.3
20220519	2150	0.00	38.3
20220519	2250	0.00	38.3
20220519	2350	0.00	38.3
20220520	0050	0.00	38.3
20220520	0150	0.00	38.3
20220520	0250	0.00	38.3
20220520	0350	0.00	38.3
20220520	0450	0.00	38.3
20220520	0550	0.00	38.3
20220520	0650	0.00	38.3
20220520	0750	0.00	38.3
20220520	0850	0.00	38.3
20220520	0950	0.00	38.3
20220520	1050	0.00	38.3
20220520	1150	0.00	38.3
20220520	1250	0.00	38.3
20220520	1350	0.00	36.4
20220520	1450	0.00	36.4
20220520	1550	0.00	36.4
20220520	1650	0.00	36.4
20220520	1750	0.00	36.4
20220520	1850	0.00	36.4
20220520	1950	0.00	36.4
20220520	2050	0.00	36.4
20220520	2150	0.00	36.4
20220520	2250	0.00	36.4
20220520	2350	0.00	36.4
20220521	0050	0.00	34.5
20220521	0150	0.00	34.5
20220521	0250	0.00	34.5
20220521	0350	0.00	34.5
20220521	0450	0.00	34.5
20220521	0550	0.00	34.5
20220521	0650	0.00	34.5
20220521	0750	0.00	34.5
20220521	0850	0.00	34.5
20220521	0950	0.00	34.5
20220521	1050	0.00	34.5
20220521	1150	0.00	34.5
20220521	1250	0.00	34.5
20220521	1350	0.00	34.5
20220521	1450	0.00	34.5
20220521	1550	0.00	34.5
20220521	1650	0.00	34.5
20220521	1750	0.00	34.5
20220521	1850	0.00	34.5
20220521	1950	0.00	34.5
20220521	2050	0.00	34.5
20220521	2150	0.00	34.5
20220521	2250	0.00	34.5
20220521	2350	0.00	34.5
20220522	0050	0.00	34.5
20220522	0150	0.00	34.5
20220522	0250	0.00	34.5
20220522	0350	0.00	34.5
20220522	0450	0.00	34.5
20220522	0550	0.00	34.5
20220522	0650	0.00	34.5
20220522	0750	0.00	34.5
20220522	0850	0.00	34.5
20220522	0950	0.00	34.5
20220522	1050	0.00	34.5
20220522	1150	0.00	34.5
20220522	1250	0.00	34.5
20220522	1350	0.00	34.5
20220522	1450	0.00	34.5
20220522	1550	0.00	34.5
20220522	1650	0.00	34.5
20220522	1750	0.00	34.5
20220522	1850	0.00	34.5
20220522	1950	0.00	34.5
20220522	2050	0.00	34.5
20220522	2150	0.00	34.5
20220522	2250	0.00	34.5
20220522	2350	0.00	34.5
20220523	0050	0.00	34.5
20220523	0150	0.00	34.5
20220523	0250	0.00	34.5
20220523	0350	0.00	34.5
20220523	0450	0.00	34.5
20220523	0550	0.00	34.5
20220523	0650	0.00	34.5
20220523	0750	0.00	34.5
20220523	0850	0.00	34.5
20220523	0950	0.00	34.5
20220523	1050	0.00	34.5
20220523	1150	0.09	38.3
20220523	1250	0.04	48.4
20220523	1350	0.04	129
20220523	1450	0.03	204
20220523	1550	0.11	308
20220523	1650	0.00	325
20220523	1750	0.02	264
20220523	1850	0.00	218
20220523	1950	0.00	209
20220523	2050	0.00	221
20220523	2150	0.00	189
20220523	2250	0.00	153
20220523	2350	0.00	126
20220524	0050	0.00	111
20220524	0150	0.00	103
20220524	0250	0.00	95.8
20220524	0350	0.00	93.4
20220524	0450	0.00	91.0
20220524	0550	0.00	86.2
20220524	0650	0.00	81.5
20220524	0750	0.00	72.2
20220524	0850	0.00	67.7
20220524	0950	0.00	63.3
20220524	1050	0.00	61.1
20220524	1150	0.00	58.9
20220524	1250	0.00	56.8
20220524	1350	0.00	54.6
20220524	1450	0.00	52.5
20220524	1550	0.00	52.5
20220524	1650	0.00	50.4
20220524	1750	0.00	50.4
20220524	1850	0.00	48.4
20220524	1950	0.00	48.4
20220524	2050	0.00	46.3
20220524	2150	0.00	46.3
20220524	2250	0.01	46.3
20220524	2350	0.00	46.3
20220525	0050	0.00	46.3
20220525	0150	0.00	46.3
20220525	0250	0.09	56.8
20220525	0350	0.00	70.0
20220525	0450	0.00	134
20220525	0550	0.00	139
20220525	0650	0.00	126
20220525	0750	0.00	111
20220525	0850	0.00	95.8
20220525	0950	0.00	88.6
20220525	1050	0.00	81.5
20220525	1150	0.00	74.5
20220525	1250	0.00	72.2
20220525	1350	0.00	72.2
20220525	1450	0.00	72.2
20220525	1550	0.00	67.7
20220525	1650	0.00	63.3
20220525	1750	0.00	61.1
20220525	1850	0.00	58.9
20220525	1950	0.00	56.8
20220525	2050	0.00	54.6
20220525	2150	0.00	52.5
20220525	2250	0.00	52.5
20220525	2350	0.00	50.4
20220526	0050	0.00	50.4
20220526	0150	0.00	48.4
20220526	0250	0.00	48.4
20220526	0350	0.00	48.4
20220526	0450	0.00	48.4
20220526	0550	0.00	48.4
20220526	0650	0.00	46.3
20220526	0750	0.01	46.3
20220526	0850	0.00	46.3
20220526	0950	0.00	46.3
20220526	1050	0.00	46.3
20220526	1150	0.00	48.4
20220526	1250	0.01	50.4
20220526	1350	0.01	81.5
20220526	1450	0.00	113
20220526	1550	0.04	267
20220526	1650	0.02	1020
20220526	1750	0.03	1280
20220526	1850	0.14	1900
20220526	1950	0.05	2090
20220526	2050	0.00	1910
20220526	2150	0.02	1380
20220526	2250	0.05	932
20220526	2350	0.01	812
20220527	0050	0.00	766
20220527	0150	0.01	602
20220527	0250	0.00	451
20220527	0350	0.03	479
20220527	0450	0.00	686
20220527	0550	0.00	617
20220527	0650	0.00	465
20220527	0750	0.00	381
20220527	0850	0.00	325
20220527	0950	0.00	270
20220527	1050	0.00	233
20220527	1150	0.00	204
20220527	1250	0.00	183
20220527	1350	0.00	166
20220527	1450	0.00	158
20220527	1550	0.00	147
20220527	1650	0.00	139
20220527	1750	0.00	129
20220527	1850	0.00	121
20220527	1950	0.00	116
20220527	2050	0.00	111
20220527	2150	0.00	103
20220527	2250	0.00	101
20220527	2350	0.00	95.8
20220528	0050	0.00	93.4
20220528	0150	0.00	91.0
20220528	0250	0.00	88.6
20220528	0350	0.00	86.2
20220528	0450	0.00	83.8
20220528	0550	0.00	81.5
20220528	0650	0.00	81.5
20220528	0750	0.00	81.5
20220528	0850	0.00	79.1
20220528	0950	0.00	76.8
20220528	1050	0.00	72.2
20220528	1150	0.00	72.2
20220528	1250	0.00	70.0
20220528	1350	0.00	67.7
20220528	1450	0.00	67.7
20220528	1550	0.00	65.5
20220528	1650	0.00	65.5
20220528	1750	0.00	63.3
20220528	1850	0.00	63.3
20220528	1950	0.00	63.3
20220528	2050	0.00	61.1
20220528	2150	0.00	61.1
20220528	2250	0.00	58.9
20220528	2350	0.00	58.9
20220529	0050	0.00	56.8
20220529	0150	0.00	56.8
20220529	0250	0.00	56.8
20220529	0350	0.00	54.6
20220529	0450	0.00	54.6
20220529	0550	0.00	54.6
20220529	0650	0.00	54.6
20220529	0750	0.00	54.6
20220529	0850	0.00	54.6
20220529	0950	0.00	52.5
20220529	1050	0.00	52.5
20220529	1150	0.00	52.5
20220529	1250	0.00	52.5
20220529	1350	0.00	52.5
20220529	1450	0.00	52.5
20220529	1550	0.00	50.4
20220529	1650	0.00	50.4
20220529	1750	0.00	50.4
20220529	1850	0.00	50.4
20220529	1950	0.00	50.4
20220529	2050	0.00	50.4
20220529	2150	0.00	48.4
20220529	2250	0.00	48.4
20220529	2350	0.00	48.4
20220530	0050	0.00	48.4
20220530	0150	0.00	48.4
20220530	0250	0.00	48.4
20220530	0350	0.00	48.4
20220530	0450	0.00	46.3
20220530	0550	0.00	46.3
20220530	0650	0.00	46.3
20220530	0750	0.00	46.3
20220530	0850	0.00	46.3
20220530	0950	0.00	46.3
20220530	1050	0.00	46.3
20220530	1150	0.00	46.3
20220530	1250	0.00	46.3
20220530	1350	0.00	46.3
20220530	1450	0.00	46.3
20220530	1550	0.00	46.3
20220530	1650	0.00	46.3
20220530	1750	0.00	46.3
20220530	1850	0.00	46.3
20220530	1950	0.00	46.3
20220530	2050	0.00	46.3
20220530	2150	0.00	46.3
20220530	2250	0.00	44.3
20220530	2350	0.00	44.3
20220531	0050	0.00	44.3
20220531	0150	0.00	44.3
20220531	0250	0.00	44.3
20220531	0350	0.00	44.3
20220531	0450	0.00	44.3
20220531	0550	0.00	44.3
20220531	0650	0.00	44.3
20220531	0750	0.00	44.3
20220531	0850	0.00	42.3
20220531	0950	0.00	42.3
20220531	1050	0.00	44.3
20220531	1150	0.00	44.3
20220531	1250	0.00	44.3
20220531	1350	0.00	44.3
20220531	1450	0.00	44.3
20220531	1550	0.00	44.3
20220531	1650	0.00	44.3
20220531	1750	0.00	42.3
20220531	1850	0.00	42.3
20220531	1950	0.00	42.3
20220531	2050	0.00	42.3
20220531	2150	0.00	42.3
20220531	2250	0.00	42.3
20220531	2350	0.00	42.3
20220601	0050	0.00	42.3
20220601	0150	0.00	40.3
20220601	0250	0.00	40.3
20220601	0350	0.00	40.3
20220601	0450	0.00	40.3
20220601	0550	0.00	40.3
20220601	0650	0.00	40.3
20220601	0750	0.00	40.3
20220601	0850	0.00	40.3
20220601	0950	0.00	40.3
20220601	1050	0.00	40.3
20220601	1150	0.00	40.3
20220601	1250	0.00	40.3
20220601	1350	0.00	40.3
20220601	1450	0.00	40.3
20220601	1550	0.00	40.3
20220601	1650	0.00	40.3
20220601	1750	0.00	40.3
20220601	1850	0.00	40.3
20220601	1950	0.00	40.3
20220601	2050	0.00	40.3
20220601	2150	0.00	40.3
20220601	2250	0.00	40.3
20220601	2350	0.00	38.3
20220602	0050	0.00	38.3
20220602	0150	0.00	38.3
20220602	0250	0.00	38.3
20220602	0350	0.00	38.3
20220602	0450	0.00	38.3
20220602	0550	0.00	38.3
20220602	0650	0.00	38.3
20220602	0750	0.00	38.3
20220602	0851	0.00	38.3
20220602	0952	0.00	38.3
20220602	1052	0.00	38.3
20220602	1150	0.00	38.3
20220602	1250	0.00	38.3
20220602	1350	0.00	38.3
20220602	1450	0.00	38.3
20220602	1550	0.00	38.3
20220602	1650	0.00	38.3
20220602	1750	0.00	38.3
20220602	1850	0.00	38.3
20220602	1950	0.00	38.3
20220602	2050	0.00	38.3
20220602	2150	0.00	38.3
20220602	2250	0.00	38.3
20220602	2350	0.00	38.3
20220603	0050	0.00	38.3
20220603	0150	0.00	38.3
20220603	0250	0.00	36.4
20220603	0350	0.00	36.4
20220603	0450	0.00	36.4
20220603	0550	0.00	36.4
20220603	0650	0.00	36.4
20220603	0750	0.00	36.4
20220603	0850	0.00	38.3
20220603	0950	0.00	38.3
20220603	1050	0.00	38.3
20220603	1150	0.00	38.3
20220603	1250	0.00	36.4
20220603	1350	0.00	38.3
20220603	1450	0.00	38.3
20220603	1550	0.00	38.3
20220603	1650	0.04	38.3
20220603	1750	0.04	38.3
20220603	1850	0.01	42.3
20220603	1950	0.00	74.5
20220603	2050	0.00	113
20220603	2150	0.00	118
20220603	2250	0.00	108
20220603	2350	0.00	95.8
20220604	0050	0.00	88.6
20220604	0150	0.00	86.2
20220604	0250	0.00	81.5
20220604	0350	0.00	74.5
20220604	0450	0.00	72.2
20220604	0550	0.00	65.5
20220604	0650	0.00	63.3
20220604	0750	0.00	61.1
20220604	0850	0.00	56.8
20220604	0950	0.00	54.6
20220604	1050	0.00	54.6
20220604	1150	0.00	52.5
20220604	1250	0.00	50.4
20220604	1350	0.00	50.4
20220604	1450	0.00	48.4
20220604	1550	0.00	48.4
20220604	1650	0.00	48.4
20220604	1750	0.00	46.3
20220604	1850	0.00	46.3
20220604	1950	0.00	46.3
20220604	2050	0.00	46.3
20220604	2150	0.00	46.3
20220604	2250	0.00	44.3
20220604	2350	0.00	44.3
20220605	0050	0.00	44.3
20220605	0150	0.00	42.3
20220605	0250	0.00	42.3
20220605	0350	0.00	42.3
20220605	0450	0.00	42.3
20220605	0550	0.00	42.3
20220605	0650	0.00	42.3
20220605	0750	0.00	40.3
20220605	0850	0.00	40.3
20220605	0950	0.00	40.3
20220605	1050	0.00	40.3
20220605	1150	0.00	40.3
20220605	1250	0.00	40.3
20220605	1350	0.00	40.3
20220605	1450	0.00	40.3
20220605	1550	0.00	40.3
20220605	1650	0.00	40.3
20220605	1750	0.00	40.3
20220605	1850	0.00	38.3
20220605	1950	0.00	38.3
20220605	2050	0.00	38.3
20220605	2150	0.00	38.3
20220605	2250	0.00	38.3
20220605	2350	0.00	38.3
20220606	0050	0.00	38.3
20220606	0150	0.00	38.3
20220606	0250	0.00	38.3
20220606	0350	0.00	38.3
20220606	0450	0.00	38.3
20220606	0550	0.00	38.3
20220606	0650	0.00	38.3
20220606	0750	0.00	38.3
20220606	0850	0.00	38.3
20220606	0950	0.00	38.3
20220606	1050	0.00	38.3
20220606	1150	0.00	38.3
20220606	1250	0.00	38.3
20220606	1350	0.00	38.3
20220606	1450	0.00	38.3
20220606	1550	0.00	38.3
20220606	1650	0.00	38.3
20220606	1750	0.00	38.3
20220606	1850	0.00	38.3
20220606	1950	0.00	36.4
20220606	2050	0.00	36.4
20220606	2150	0.00	36.4
20220606	2250	0.00	36.4
20220606	2350	0.00	36.4
20220607	0050	0.00	36.4
20220607	0150	0.00	36.4
20220607	0250	0.00	36.4
20220607	0350	0.00	36.4
20220607	0450	0.00	36.4
20220607	0550	0.00	36.4
20220607	0650	0.00	36.4
20220607	0750	0.00	36.4
20220607	0850	0.00	36.4
20220607	0950	0.00	36.4
20220607	1050	0.00	36.4
20220607	1150	0.00	36.4
20220607	1250	0.00	36.4
20220607	1350	0.00	36.4
20220607	1450	0.00	36.4
20220607	1550	0.00	36.4
20220607	1650	0.00	36.4
20220607	1750	0.00	36.4
20220607	1850	0.00	36.4
20220607	1950	0.00	36.4
20220607	2050	0.00	36.4
20220607	2150	0.00	36.4
20220607	2250	0.00	36.4
20220607	2350	0.00	36.4
20220608	0050	0.00	36.4
20220608	0150	0.00	36.4
20220608	0250	0.00	36.4
20220608	0350	0.00	36.4
20220608	0450	0.00	36.4
20220608	0550	0.00	36.4
20220608	0650	0.00	36.4
20220608	0750	0.00	36.4
20220608	0850	0.00	36.4
20220608	0950	0.00	36.4
20220608	1050	0.00	36.4
20220608	1150	0.00	32.6
20220608	1250	0.00	34.5
20220608	1350	0.00	34.5
20220608	1450	0.00	34.5
20220608	1550	0.00	34.5
20220608	1650	0.00	34.5
20220608	1750	0.00	34.5
20220608	1850	0.00	32.6
20220608	1950	0.00	32.6
20220608	2050	0.00	32.6
20220608	2150	0.00	32.6
20220608	2250	0.00	32.6
20220608	2350	0.00	32.6
20220609	0050	0.00	32.6
20220609	0150	0.02	34.5
20220609	0250	0.00	34.5
20220609	0350	0.00	36.4
20220609	0450	0.00	38.3
20220609	0550	0.00	40.3
20220609	0650	0.00	38.3
20220609	0750	0.00	38.3
20220609	0850	0.00	36.4
20220609	0950	0.00	38.3
20220609	1050	0.00	38.3
20220609	1150	0.00	36.4
20220609	1250	0.00	36.4
20220609	1350	0.00	34.5
20220609	1450	0.00	34.5
20220609	1550	0.00	32.6
20220609	1650	0.00	32.6
20220609	1750	0.00	32.6
20220609	1850	0.00	32.6
20220609	1950	0.00	32.6
20220609	2050	0.00	32.6
20220609	2150	0.00	32.6
20220609	2250	0.00	30.7
20220609	2350	0.00	30.7
20220610	0050	0.00	30.7
20220610	0150	0.00	30.7
20220610	0250	0.00	30.7
20220610	0350	0.00	30.7
20220610	0450	0.00	30.7
20220610	0550	0.00	30.7
20220610	0650	0.00	30.7
20220610	0750	0.00	30.7
20220610	0850	0.00	30.7
20220610	0950	0.00	30.7
20220610	1050	0.00	30.7
20220610	1150	0.00	30.7
20220610	1250	0.00	30.7
20220610	1350	0.00	28.9
20220610	1450	0.00	30.7
20220610	1550	0.00	30.7
20220610	1650	0.00	30.7
20220610	1750	0.00	28.9
20220610	1850	0.00	28.9
20220610	1950	0.00	28.9
20220610	2050	0.00	28.9
20220610	2150	0.00	28.9
20220610	2250	0.00	28.9
20220610	2350	0.00	28.9
20220611	0050	0.00	28.9
20220611	0150	0.00	28.9
20220611	0250	0.00	28.9
20220611	0350	0.00	28.9
20220611	0450	0.00	28.9
20220611	0550	0.00	28.9
20220611	0650	0.00	28.9
20220611	0750	0.00	28.9
20220611	0850	0.00	28.9
20220611	0950	0.00	28.9
20220611	1050	0.00	28.9
20220611	1150	0.00	28.9
20220611	1250	0.00	28.9
20220611	1350	0.00	28.9
20220611	1450	0.00	28.9
20220611	1550	0.00	28.9
20220611	1650	0.00	28.9
20220611	1750	0.00	28.9
20220611	1850	0.00	28.9
20220611	1950	0.00	28.9
20220611	2050	0.00	28.9
20220611	2150	0.00	28.9
20220611	2250	0.00	28.9
20220611	2350	0.00	28.9
20220612	0050	0.00	28.9
20220612	0150	0.00	28.9
20220612	0250	0.00	28.9
20220612	0350	0.00	28.9
20220612	0450	0.00	28.9
20220612	0550	0.00	28.9
20220612	0650	0.00	28.9
20220612	0750	0.00	28.9
20220612	0850	0.00	28.9
20220612	0950	0.00	28.9
20220612	1050	0.00	28.9
20220612	1150	0.00	28.9
20220612	1250	0.00	28.9
20220612	1350	0.00	28.9
20220612	1450	0.00	28.9
20220612	1550	0.00	28.9
20220612	1650	0.00	28.9
20220612	1750	0.00	28.9
20220612	1850	0.00	28.9
20220612	1950	0.00	28.9
20220612	2050	0.00	28.9
20220612	2150	0.00	28.9
20220612	2250	0.00	28.9
20220612	2350	0.00	28.9
20220613	0050	0.00	28.9
20220613	0150	0.00	28.9
20220613	0250	0.00	28.9
20220613	0350	0.00	28.9
20220613	0450	0.00	28.9
20220613	0550	0.00	28.9
20220613	0650	0.00	28.9
20220613	0750	0.00	28.9
20220613	0850	0.00	28.9
20220613	0950	0.00	28.9
20220613	1050	0.00	28.9
20220613	1150	0.00	28.9
20220613	1250	0.00	28.9
20220613	1350	0.00	28.9
20220613	1450	0.00	28.9
20220613	1550	0.00	28.9
20220613	1650	0.00	28.9
20220613	1750	0.00	28.9
20220613	1850	0.00	28.9
20220613	1950	0.00	28.9
20220613	2050	0.00	28.9
20220613	2150	0.00	28.9
20220613	2250	0.00	28.9
20220613	2350	0.00	28.9
20220614	0050	0.00	28.9
20220614	0150	0.00	28.9
20220614	0250	0.00	28.9
20220614	0350	0.00	28.9
20220614	0450	0.00	28.9
20220614	0550	0.00	28.9
20220614	0650	0.00	28.9
20220614	0750	0.00	28.9
20220614	0850	0.00	28.9
20220614	0950	0.00	28.9
20220614	1050	0.00	28.9
20220614	1150	0.00	28.9
20220614	1250	0.00	36.4
20220614	1350	0.00	32.6
20220614	1450	0.00	28.9
20220614	1552	0.00	28.9
20220614	1652	0.00	28.9
20220614	1752	0.00	28.9
20220614	1850	0.00	28.9
20220614	1950	0.00	28.9
20220614	2050	0.00	28.9
20220614	2150	0.00	28.9
20220614	2250	0.00	28.9
20220614	2350	0.00	28.9
20220615	0050	0.00	28.9
20220615	0150	0.00	28.9
20220615	0250	0.00	28.9
20220615	0350	0.00	28.9
20220615	0450	0.00	28.9
20220615	0550	0.00	28.9
20220615	0650	0.00	28.9
20220615	0750	0.00	28.9
20220615	0850	0.00	28.9
20220615	0950	0.00	28.9
20220615	1050	0.00	28.9
20220615	1150	0.00	28.9
20220615	1251	0.00	28.9
20220615	1352	0.00	28.9
20220615	1452	0.00	28.9
20220615	1552	0.00	28.9
20220615	1652	0.00	28.9
20220615	1751	0.00	28.9
20220615	1851	0.00	28.9
20220615	1951	0.00	28.9
20220615	2052	0.00	28.9
20220615	2152	0.00	28.9
20220615	2251	0.00	28.9
20220615	2351	0.00	28.9
20220616	0051	0.00	28.9
20220616	0151	0.00	28.9
20220616	0251	0.00	25.3
20220616	0351	0.00	25.3
20220616	0451	0.00	25.3
20220616	0552	0.00	25.3
20220616	0652	0.00	25.3
20220616	0752	0.00	25.3
20220616	0852	0.00	25.3
20220616	0950	0.00	25.3
20220616	1052	0.00	25.3
20220616	1152	0.00	25.3
20220630	1035	0.00	18.5
20220630	1135	0.00	18.5
20220630	1235	0.00	18.5
20220630	1335	0.00	18.5
20220630	1435	0.00	18.5
20220630	1535	0.00	18.5
20220630	1635	0.00	18.5
20220630	1735	0.00	18.5
20220630	1835	0.00	18.5
20220630	1935	0.00	18.5
20220630	2035	0.00	18.5
20220630	2135	0.00	18.5
20220630	2235	0.00	18.5
20220630	2335	0.00	18.5
20220701	0035	0.00	18.5
20220701	0135	0.00	18.5
20220701	0235	0.00	18.5
20220701	0335	0.00	18.5
20220701	0435	0.00	18.5
20220701	0535	0.00	18.5
20220701	0635	0.00	18.5
20220701	0735	0.00	18.5
20220701	0835	0.00	18.5
20220701	0935	0.00	18.5
20220701	1035	0.00	18.5
20220701	1135	0.00	18.5
20220701	1235	0.00	18.5
20220701	1335	0.00	18.5
20220701	1435	0.00	18.5
20220701	1535	0.00	18.5
20220701	1635	0.00	18.5
20220701	1735	0.00	18.5
20220701	1835	0.00	18.5
20220701	1935	0.00	18.5
20220701	2036	0.01	25.3
20220701	2135	0.00	28.9
20220701	2235	0.00	32.6
20220701	2335	0.00	46.3
20220702	0036	0.00	48.4
20220702	0135	0.00	46.3
20220702	0235	0.00	44.3
20220702	0336	0.00	40.3
20220702	0435	0.00	36.4
20220702	0535	0.00	32.6
20220702	0635	0.00	28.9
20220702	0735	0.00	27.1
20220702	0835	0.00	27.1
20220702	0935	0.00	27.1
