date	time	stream flow	gage height
20220219	1700	1660	8.83
20220219	1800	1600	8.76
20220219	1900	1560	8.72
20220219	2000	1510	8.66
20220219	2100	1450	8.60
20220219	2200	1400	8.54
20220219	2300	1320	8.45
20220220	0000	1270	8.38
20220220	0100	1210	8.31
20220220	0200	1160	8.25
20220220	0300	1120	8.20
20220220	0400	1090	8.15
20220220	0500	1060	8.11
20220220	0600	1020	8.06
20220220	0700	982	8.01
20220220	0800	952	7.97
20220220	0900	923	7.93
20220220	1000	895	7.89
20220220	1100	874	7.86
20220220	1200	881	7.87
20220220	1300	895	7.89
20220220	1400	938	7.95
20220220	1500	960	7.98
20220220	1600	989	8.02
20220220	1700	1010	8.05
20220220	1800	1020	8.06
20220220	1900	1030	8.07
20220220	2000	997	8.03
20220220	2100	967	7.99
20220220	2200	938	7.95
20220220	2300	916	7.92
20220221	0000	881	7.87
20220221	0100	846	7.82
20220221	0200	826	7.79
20220221	0300	813	7.77
20220221	0400	793	7.74
20220221	0500	773	7.71
20220221	0600	760	7.69
20220221	0700	741	7.66
20220221	0800	728	7.64
20220221	0900	716	7.62
20220221	1000	709	7.61
20220221	1100	703	7.60
20220221	1200	709	7.61
20220221	1300	709	7.61
20220221	1400	734	7.65
20220221	1500	734	7.65
20220221	1600	722	7.63
20220221	1700	728	7.64
20220221	1800	728	7.64
20220221	1900	741	7.66
20220221	2000	754	7.68
20220221	2100	754	7.68
20220221	2200	773	7.71
20220221	2300	779	7.72
20220222	0000	786	7.73
20220222	0100	779	7.72
20220222	0200	786	7.73
20220222	0300	779	7.72
20220222	0400	766	7.70
20220222	0500	754	7.68
20220222	0600	741	7.66
20220222	0700	728	7.64
20220222	0800	709	7.61
20220222	0900	703	7.60
20220222	1000	691	7.58
20220222	1100	685	7.57
20220222	1200	679	7.56
20220222	1300	673	7.55
20220222	1400	679	7.56
20220222	1500	703	7.60
20220222	1600	741	7.66
20220222	1700	786	7.73
20220222	1800	874	7.86
20220222	1900	1030	8.07
20220222	2000	1300	8.42
20220222	2100	1760	8.93
20220222	2200	2360	9.55
20220222	2300	2790	9.95
20220223	0000	3030	10.17
20220223	0100	3160	10.28
20220223	0200	3220	10.33
20220223	0300	3240	10.35
20220223	0400	3230	10.34
20220223	0500	3170	10.29
20220223	0600	3100	10.23
20220223	0700	3040	10.18
20220223	0800	2990	10.13
20220223	0900	2940	10.09
20220223	1000	2910	10.06
20220223	1100	2830	9.99
20220223	1200	2810	9.97
20220223	1300	2790	9.95
20220223	1400	2750	9.92
20220223	1500	2780	9.94
20220223	1600	2790	9.95
20220223	1700	2800	9.96
20220223	1800	2800	9.96
20220223	1900	2760	9.93
20220223	2000	2720	9.89
20220223	2100	2670	9.84
20220223	2200	2570	9.75
20220223	2300	2480	9.66
20220224	0000	2370	9.56
20220224	0100	2270	9.46
20220224	0200	2190	9.37
20220224	0300	2100	9.28
20220224	0400	2010	9.19
20220224	0500	1930	9.11
20220224	0600	1870	9.05
20220224	0700	1800	8.97
20220224	0800	1730	8.90
20220224	0900	1660	8.83
20220224	1000	1610	8.77
20220224	1100	1560	8.72
20220224	1200	1510	8.67
20220224	1300	1480	8.63
20220224	1400	1430	8.58
20220224	1500	1410	8.55
20220224	1600	1380	8.52
20220224	1700	1360	8.49
20220224	1800	1340	8.47
20220224	1900	1320	8.44
20220224	2000	1290	8.41
20220224	2100	1270	8.38
20220224	2200	1240	8.35
20220224	2300	1210	8.31
20220225	0000	1190	8.28
20220225	0100	1160	8.25
20220225	0200	1150	8.23
20220225	0300	1130	8.21
20220225	0400	1130	8.21
20220225	0500	1120	8.20
20220225	0600	1120	8.20
20220225	0700	1110	8.18
20220225	0800	1090	8.16
20220225	0900	1070	8.13
20220225	1000	1050	8.10
20220225	1100	1030	8.08
20220225	1200	1010	8.05
20220225	1300	997	8.03
20220225	1400	989	8.02
20220225	1500	974	8.00
20220225	1600	967	7.99
20220225	1700	960	7.98
20220225	1800	960	7.98
20220225	1900	952	7.97
20220225	2000	938	7.95
20220225	2100	931	7.94
20220225	2200	916	7.92
20220225	2300	895	7.89
20220226	0000	881	7.87
20220226	0100	867	7.85
20220226	0200	853	7.83
20220226	0300	839	7.81
20220226	0400	819	7.78
20220226	0500	799	7.75
20220226	0600	786	7.73
20220226	0700	773	7.71
20220226	0800	760	7.69
20220226	0900	747	7.67
20220226	1000	734	7.65
20220226	1100	722	7.63
20220226	1200	709	7.61
20220226	1300	703	7.60
20220226	1400	703	7.60
20220226	1500	697	7.59
20220226	1600	697	7.59
20220226	1700	691	7.58
20220226	1800	685	7.57
20220226	1900	685	7.57
20220226	2000	691	7.58
20220226	2100	685	7.57
20220226	2200	679	7.56
20220226	2300	673	7.55
20220227	0000	667	7.54
20220227	0100	649	7.51
20220227	0200	643	7.50
20220227	0300	631	7.48
20220227	0400	625	7.47
20220227	0500	614	7.45
20220227	0600	602	7.43
20220227	0700	591	7.41
20220227	0800	574	7.38
20220227	0900	563	7.36
20220227	1000	558	7.35
20220227	1100	542	7.32
20220227	1200	536	7.31
20220227	1300	542	7.32
20220227	1400	547	7.33
20220227	1500	563	7.36
20220227	1600	569	7.37
20220227	1700	574	7.38
20220227	1800	586	7.40
20220227	1900	608	7.44
20220227	2000	625	7.47
20220227	2100	643	7.50
20220227	2200	649	7.51
20220227	2300	643	7.50
20220228	0000	637	7.49
20220228	0100	625	7.47
20220228	0200	620	7.46
20220228	0300	614	7.45
20220228	0400	597	7.42
20220228	0500	586	7.40
20220228	0600	569	7.37
20220228	0700	558	7.35
20220228	0800	542	7.32
20220228	0900	521	7.28
20220228	1000	505	7.25
20220228	1100	500	7.24
20220228	1200	485	7.21
20220228	1300	485	7.21
20220228	1400	480	7.20
20220228	1500	480	7.20
20220228	1600	480	7.20
20220228	1700	475	7.19
20220228	1800	470	7.18
20220228	1900	470	7.18
20220228	2000	475	7.19
20220228	2100	480	7.20
20220228	2200	480	7.20
20220228	2300	480	7.20
20220301	0000	480	7.20
20220301	0100	480	7.20
20220301	0200	470	7.18
20220301	0300	465	7.17
20220301	0400	460	7.16
20220301	0500	455	7.15
20220301	0600	450	7.14
20220301	0700	441	7.12
20220301	0800	436	7.11
20220301	0900	431	7.10
20220301	1000	422	7.08
20220301	1100	417	7.07
20220301	1200	413	7.06
20220301	1300	413	7.06
20220301	1400	413	7.06
20220301	1500	413	7.06
20220301	1600	408	7.05
20220301	1700	413	7.06
20220301	1801	413	7.06
20220301	1900	413	7.06
20220301	2000	422	7.08
20220301	2100	426	7.09
20220301	2200	436	7.11
20220301	2300	450	7.14
20220302	0000	460	7.16
20220302	0100	475	7.19
20220302	0200	485	7.21
20220302	0300	490	7.22
20220302	0400	500	7.24
20220302	0500	500	7.24
20220302	0600	500	7.24
20220302	0700	495	7.23
20220302	0800	485	7.21
20220302	0900	480	7.20
20220302	1000	470	7.18
20220302	1100	460	7.16
20220302	1200	455	7.15
20220302	1300	450	7.14
20220302	1400	441	7.12
20220302	1500	441	7.12
20220302	1600	436	7.11
20220302	1700	441	7.12
20220302	1800	441	7.12
20220302	1900	450	7.14
20220302	2000	465	7.17
20220302	2100	500	7.24
20220302	2200	515	7.27
20220302	2300	531	7.30
20220303	0000	536	7.31
20220303	0100	536	7.31
20220303	0200	542	7.32
20220303	0300	547	7.33
20220303	0400	542	7.32
20220303	0500	542	7.32
20220303	0600	536	7.31
20220303	0700	526	7.29
20220303	0800	521	7.28
20220303	0900	515	7.27
20220303	1000	505	7.25
20220303	1100	495	7.23
20220303	1200	490	7.22
20220303	1300	485	7.21
20220303	1400	475	7.19
20220303	1500	465	7.17
20220303	1600	460	7.16
20220303	1700	450	7.14
20220303	1800	450	7.14
20220303	1900	441	7.12
20220303	2000	436	7.11
20220303	2100	431	7.10
20220303	2200	422	7.08
20220303	2300	417	7.07
20220304	0000	413	7.06
20220304	0100	404	7.04
20220304	0200	395	7.02
20220304	0300	382	6.99
20220304	0400	369	6.96
20220304	0500	360	6.94
20220304	0600	348	6.91
20220304	0700	336	6.88
20220304	0800	316	6.83
20220304	0900	300	6.79
20220304	1000	285	6.75
20220304	1100	273	6.72
20220304	1200	269	6.71
20220304	1300	269	6.71
20220304	1400	281	6.74
20220304	1500	289	6.76
20220304	1600	312	6.82
20220304	1700	340	6.89
20220304	1800	369	6.96
20220304	1900	369	6.96
20220304	2000	377	6.98
20220304	2100	373	6.97
20220304	2200	369	6.96
20220304	2300	356	6.93
20220305	0000	352	6.92
20220305	0100	340	6.89
20220305	0200	336	6.88
20220305	0300	332	6.87
20220305	0400	320	6.84
20220305	0500	308	6.81
20220305	0600	297	6.78
20220305	0700	285	6.75
20220305	0800	277	6.73
20220305	0900	269	6.71
20220305	1000	265	6.70
20220305	1100	265	6.70
20220305	1200	273	6.72
20220305	1300	269	6.71
20220305	1400	273	6.72
20220305	1500	285	6.75
20220305	1600	300	6.79
20220305	1700	300	6.79
20220305	1800	297	6.78
20220305	1900	304	6.80
20220305	2000	304	6.80
20220305	2100	308	6.81
20220305	2200	308	6.81
20220305	2300	308	6.81
20220306	0000	308	6.81
20220306	0100	308	6.81
20220306	0200	304	6.80
20220306	0300	304	6.80
20220306	0400	300	6.79
20220306	0500	300	6.79
20220306	0600	300	6.79
20220306	0700	297	6.78
20220306	0800	297	6.78
20220306	0900	300	6.79
20220306	1000	297	6.78
20220306	1100	300	6.79
20220306	1200	304	6.80
20220306	1300	304	6.80
20220306	1400	312	6.82
20220306	1500	320	6.84
20220306	1600	332	6.87
20220306	1700	360	6.94
20220306	1800	377	6.98
20220306	1900	408	7.05
20220306	2000	445	7.13
20220306	2100	480	7.20
20220306	2200	521	7.28
20220306	2300	553	7.34
20220307	0000	591	7.41
20220307	0100	637	7.49
20220307	0200	667	7.54
20220307	0300	685	7.57
20220307	0400	697	7.59
20220307	0500	697	7.59
20220307	0600	691	7.58
20220307	0700	691	7.58
20220307	0800	691	7.58
20220307	0900	685	7.57
20220307	1000	697	7.59
20220307	1100	722	7.63
20220307	1200	786	7.73
20220307	1300	895	7.89
20220307	1400	1080	8.14
20220307	1500	1440	8.59
20220307	1600	1600	8.76
20220307	1700	1630	8.80
20220307	1800	1690	8.86
20220307	1900	1790	8.96
20220307	2000	1850	9.02
20220307	2100	1940	9.12
20220307	2200	2090	9.27
20220307	2300	2230	9.42
20220308	0000	2350	9.54
20220308	0100	2320	9.51
20220308	0200	2260	9.45
20220308	0300	2190	9.37
20220308	0400	2080	9.26
20220308	0500	1970	9.15
20220308	0600	1850	9.03
20220308	0700	1750	8.92
20220308	0800	1640	8.81
20220308	0900	1560	8.72
20220308	1000	1480	8.63
20220308	1100	1420	8.56
20220308	1200	1360	8.49
20220308	1300	1320	8.44
20220308	1400	1270	8.39
20220308	1500	1230	8.33
20220308	1600	1190	8.29
20220308	1700	1170	8.26
20220308	1800	1140	8.22
20220308	1900	1120	8.19
20220308	2000	1100	8.17
20220308	2100	1080	8.14
20220308	2200	1060	8.11
20220308	2300	1040	8.09
20220309	0000	1030	8.07
20220309	0100	1000	8.04
20220309	0200	982	8.01
20220309	0300	967	7.99
20220309	0400	945	7.96
20220309	0500	931	7.94
20220309	0600	916	7.92
20220309	0700	895	7.89
20220309	0800	881	7.87
20220309	0900	867	7.85
20220309	1000	853	7.83
20220309	1100	846	7.82
20220309	1200	839	7.81
20220309	1300	839	7.81
20220309	1400	839	7.81
20220309	1500	833	7.80
20220309	1600	833	7.80
20220309	1700	833	7.80
20220309	1800	826	7.79
20220309	1900	819	7.78
20220309	2000	813	7.77
20220309	2100	806	7.76
20220309	2200	799	7.75
20220309	2300	793	7.74
20220310	0000	779	7.72
20220310	0100	779	7.72
20220310	0200	766	7.70
20220310	0300	760	7.69
20220310	0400	747	7.67
20220310	0500	741	7.66
20220310	0600	728	7.64
20220310	0700	716	7.62
20220310	0800	703	7.60
20220310	0900	691	7.58
20220310	1000	685	7.57
20220310	1100	673	7.55
20220310	1200	667	7.54
20220310	1300	667	7.54
20220310	1400	667	7.54
20220310	1500	667	7.54
20220310	1600	679	7.56
20220310	1700	709	7.61
20220310	1800	760	7.69
20220310	1900	819	7.78
20220310	2000	916	7.92
20220310	2100	1000	8.04
20220310	2200	1040	8.09
20220310	2300	1050	8.10
20220311	0000	1050	8.10
20220311	0100	1030	8.08
20220311	0200	1010	8.05
20220311	0300	982	8.01
20220311	0400	945	7.96
20220311	0500	909	7.91
20220311	0600	874	7.86
20220311	0700	846	7.82
20220311	0800	846	7.82
20220311	0900	819	7.78
20220311	1000	819	7.78
20220311	1100	819	7.78
20220311	1200	819	7.78
20220311	1300	793	7.74
20220311	1400	766	7.70
20220311	1500	709	7.61
20220311	1600	716	7.62
20220311	1700	734	7.65
20220311	1800	747	7.67
20220311	1900	779	7.72
20220311	2000	819	7.78
20220311	2100	846	7.82
20220311	2200	853	7.83
20220311	2300	860	7.84
20220312	0000	860	7.84
20220312	0100	860	7.84
20220312	0200	860	7.84
20220312	0300	846	7.82
20220312	0400	839	7.81
20220312	0500	833	7.80
20220312	0600	833	7.80
20220312	0700	826	7.79
20220312	0800	833	7.80
20220312	0900	833	7.80
20220312	1000	833	7.80
20220312	1100	819	7.78
20220312	1200	813	7.77
20220312	1300	799	7.75
20220312	1400	779	7.72
20220312	1500	773	7.71
20220312	1600	760	7.69
20220312	1700	754	7.68
20220312	1800	747	7.67
20220312	1900	741	7.66
20220312	2000	734	7.65
20220312	2100	728	7.64
20220312	2200	722	7.63
20220312	2300	716	7.62
20220313	0000	691	7.58
20220313	0100	685	7.57
20220313	0200	673	7.55
20220313	0300	655	7.52
20220313	0400	631	7.48
20220313	0500	614	7.45
20220313	0601	602	7.43
20220313	0700	591	7.41
20220313	0800	586	7.40
20220313	0901	574	7.38
20220313	1000	553	7.34
20220313	1101	558	7.35
20220313	1200	574	7.38
20220313	1301	597	7.42
20220313	1401	614	7.45
20220313	1500	625	7.47
20220313	1600	655	7.52
20220313	1700	679	7.56
20220313	1800	685	7.57
20220313	1900	679	7.56
20220313	2000	661	7.53
20220313	2101	643	7.50
20220313	2201	643	7.50
20220313	2301	631	7.48
20220314	0000	614	7.45
20220314	0100	597	7.42
20220314	0200	591	7.41
20220314	0301	580	7.39
20220314	0400	574	7.38
20220314	0500	563	7.36
20220314	0600	558	7.35
20220314	0700	553	7.34
20220314	0800	547	7.33
20220314	0901	531	7.30
20220314	1001	531	7.30
20220314	1101	526	7.29
20220314	1200	526	7.29
20220314	1300	526	7.29
20220314	1401	536	7.31
20220314	1501	531	7.30
20220314	1601	536	7.31
20220314	1700	558	7.35
20220314	1800	608	7.44
20220314	1900	679	7.56
20220314	2000	793	7.74
20220314	2100	909	7.91
20220314	2200	982	8.01
20220314	2300	1000	8.04
20220315	0000	1000	8.04
20220315	0100	997	8.03
20220315	0200	989	8.02
20220315	0300	967	7.99
20220315	0400	945	7.96
20220315	0500	909	7.91
20220315	0600	881	7.87
20220315	0700	853	7.83
20220315	0800	813	7.77
20220315	0900	799	7.75
20220315	1000	779	7.72
20220315	1100	760	7.69
20220315	1200	741	7.66
20220315	1300	734	7.65
20220315	1400	747	7.67
20220315	1500	793	7.74
20220315	1600	867	7.85
20220315	1700	974	8.00
20220315	1800	1090	8.16
20220315	1900	1170	8.26
20220315	2000	1200	8.30
20220315	2100	1220	8.32
20220315	2200	1230	8.34
20220315	2300	1270	8.38
20220316	0000	1270	8.38
20220316	0100	1250	8.36
20220316	0200	1220	8.32
20220316	0300	1190	8.28
20220316	0400	1150	8.24
20220316	0500	1120	8.20
20220316	0600	1090	8.15
20220316	0700	1050	8.10
20220316	0800	1030	8.08
20220316	0900	1010	8.05
20220316	1000	989	8.02
20220316	1100	967	7.99
20220316	1200	945	7.96
20220316	1300	931	7.94
20220316	1400	916	7.92
20220316	1500	909	7.91
20220316	1600	909	7.91
20220316	1700	923	7.93
20220316	1800	931	7.94
20220316	1900	952	7.97
20220316	2000	967	7.99
20220316	2100	974	8.00
20220316	2200	989	8.02
20220316	2300	997	8.03
20220317	0000	997	8.03
20220317	0100	997	8.03
20220317	0200	989	8.02
20220317	0300	974	8.00
20220317	0400	967	7.99
20220317	0500	960	7.98
20220317	0600	938	7.95
20220317	0700	938	7.95
20220317	0800	923	7.93
20220317	0900	916	7.92
20220317	1000	902	7.90
20220317	1100	902	7.90
20220317	1200	895	7.89
20220317	1300	895	7.89
20220317	1400	895	7.89
20220317	1500	895	7.89
20220317	1600	895	7.89
20220317	1700	895	7.89
20220317	1800	902	7.90
20220317	1900	909	7.91
20220317	2000	902	7.90
20220317	2100	909	7.91
20220317	2200	916	7.92
20220317	2300	909	7.91
20220318	0000	909	7.91
20220318	0100	895	7.89
20220318	0200	895	7.89
20220318	0300	881	7.87
20220318	0400	874	7.86
20220318	0500	860	7.84
20220318	0600	860	7.84
20220318	0700	846	7.82
20220318	0800	839	7.81
20220318	0900	826	7.79
20220318	1000	819	7.78
20220318	1100	813	7.77
20220318	1200	806	7.76
20220318	1300	799	7.75
20220318	1400	793	7.74
20220318	1500	779	7.72
20220318	1600	779	7.72
20220318	1700	773	7.71
20220318	1800	766	7.70
20220318	1900	766	7.70
20220318	2000	760	7.69
20220318	2100	754	7.68
20220318	2200	754	7.68
20220318	2300	747	7.67
20220319	0000	747	7.67
20220319	0100	754	7.68
20220319	0200	760	7.69
20220319	0300	773	7.71
20220319	0400	786	7.73
20220319	0500	806	7.76
20220319	0600	819	7.78
20220319	0700	826	7.79
20220319	0800	833	7.80
20220319	0900	839	7.81
20220319	1000	839	7.81
20220319	1100	839	7.81
20220319	1200	839	7.81
20220319	1300	833	7.80
20220319	1400	833	7.80
20220319	1500	819	7.78
20220319	1600	813	7.77
20220319	1700	806	7.76
20220319	1800	799	7.75
20220319	1900	799	7.75
20220319	2000	793	7.74
20220319	2100	793	7.74
20220319	2200	799	7.75
20220319	2300	793	7.74
20220320	0000	793	7.74
20220320	0100	793	7.74
20220320	0200	799	7.75
20220320	0300	799	7.75
20220320	0400	799	7.75
20220320	0500	793	7.74
20220320	0600	786	7.73
20220320	0700	779	7.72
20220320	0800	766	7.70
20220320	0900	754	7.68
20220320	1000	747	7.67
20220320	1100	734	7.65
20220320	1200	728	7.64
20220320	1300	716	7.62
20220320	1400	709	7.61
20220320	1500	697	7.59
20220320	1600	697	7.59
20220320	1700	685	7.57
20220320	1800	679	7.56
20220320	1900	673	7.55
20220320	2000	667	7.54
20220320	2100	667	7.54
20220320	2200	655	7.52
20220320	2300	649	7.51
20220321	0000	643	7.50
20220321	0100	637	7.49
20220321	0200	631	7.48
20220321	0300	625	7.47
20220321	0400	625	7.47
20220321	0500	620	7.46
20220321	0600	614	7.45
20220321	0700	608	7.44
20220321	0800	602	7.43
20220321	0900	591	7.41
20220321	1000	591	7.41
20220321	1100	580	7.39
20220321	1200	574	7.38
20220321	1300	569	7.37
20220321	1400	563	7.36
20220321	1500	558	7.35
20220321	1600	558	7.35
20220321	1700	563	7.36
20220321	1800	558	7.35
20220321	1900	553	7.34
20220321	2000	547	7.33
20220321	2100	542	7.32
20220321	2200	536	7.31
20220321	2300	531	7.30
20220322	0000	526	7.29
20220322	0100	521	7.28
20220322	0200	515	7.27
20220322	0300	510	7.26
20220322	0400	505	7.25
20220322	0500	500	7.24
20220322	0600	495	7.23
20220322	0700	490	7.22
20220322	0800	490	7.22
20220322	0900	485	7.21
20220322	1000	475	7.19
20220322	1100	475	7.19
20220322	1200	470	7.18
20220322	1300	465	7.17
20220322	1400	460	7.16
20220322	1500	460	7.16
20220322	1600	455	7.15
20220322	1700	455	7.15
20220322	1800	450	7.14
20220322	1900	450	7.14
20220322	2000	445	7.13
20220322	2100	441	7.12
20220322	2200	441	7.12
20220322	2300	436	7.11
20220323	0000	431	7.10
20220323	0100	431	7.10
20220323	0200	426	7.09
20220323	0300	426	7.09
20220323	0400	422	7.08
20220323	0500	417	7.07
20220323	0600	417	7.07
20220323	0700	413	7.06
20220323	0800	408	7.05
20220323	0900	408	7.05
20220323	1000	408	7.05
20220323	1100	404	7.04
20220323	1200	404	7.04
20220323	1300	404	7.04
20220323	1400	399	7.03
20220323	1500	399	7.03
20220323	1600	395	7.02
20220323	1700	395	7.02
20220323	1800	395	7.02
20220323	1900	390	7.01
20220323	2000	390	7.01
20220323	2100	386	7.00
20220323	2200	386	7.00
20220323	2300	386	7.00
20220324	0000	386	7.00
20220324	0100	386	7.00
20220324	0200	386	7.00
20220324	0300	386	7.00
20220324	0400	390	7.01
20220324	0500	395	7.02
20220324	0600	399	7.03
20220324	0700	399	7.03
20220324	0800	404	7.04
20220324	0900	408	7.05
20220324	1000	413	7.06
20220324	1100	413	7.06
20220324	1200	413	7.06
20220324	1300	417	7.07
20220324	1400	417	7.07
20220324	1500	417	7.07
20220324	1600	422	7.08
20220324	1700	422	7.08
20220324	1800	422	7.08
20220324	1900	422	7.08
20220324	2000	422	7.08
20220324	2100	417	7.07
20220324	2200	417	7.07
20220324	2300	431	7.10
20220325	0000	445	7.13
20220325	0100	470	7.18
20220325	0200	490	7.22
20220325	0300	500	7.24
20220325	0400	510	7.26
20220325	0500	526	7.29
20220325	0600	536	7.31
20220325	0700	547	7.33
20220325	0800	553	7.34
20220325	0900	553	7.34
20220325	1000	558	7.35
20220325	1100	558	7.35
20220325	1200	563	7.36
20220325	1300	563	7.36
20220325	1400	553	7.34
20220325	1500	542	7.32
20220325	1600	536	7.31
20220325	1700	526	7.29
20220325	1800	515	7.27
20220325	1900	505	7.25
20220325	2000	500	7.24
20220325	2100	495	7.23
20220325	2200	485	7.21
20220325	2300	480	7.20
20220326	0000	475	7.19
20220326	0100	470	7.18
20220326	0200	470	7.18
20220326	0300	470	7.18
20220326	0400	470	7.18
20220326	0500	470	7.18
20220326	0600	470	7.18
20220326	0700	475	7.19
20220326	0800	475	7.19
20220326	0900	480	7.20
20220326	1000	480	7.20
20220326	1100	485	7.21
20220326	1200	485	7.21
20220326	1300	490	7.22
20220326	1400	485	7.21
20220326	1500	475	7.19
20220326	1600	475	7.19
20220326	1700	470	7.18
20220326	1800	470	7.18
20220326	1900	470	7.18
20220326	2000	465	7.17
20220326	2100	460	7.16
20220326	2200	455	7.15
20220326	2300	455	7.15
20220327	0000	450	7.14
20220327	0100	445	7.13
20220327	0200	441	7.12
20220327	0300	436	7.11
20220327	0400	436	7.11
20220327	0500	431	7.10
20220327	0600	426	7.09
20220327	0700	422	7.08
20220327	0800	417	7.07
20220327	0900	413	7.06
20220327	1000	413	7.06
20220327	1100	408	7.05
20220327	1200	404	7.04
20220327	1300	404	7.04
20220327	1400	395	7.02
20220327	1500	395	7.02
20220327	1600	390	7.01
20220327	1700	390	7.01
20220327	1800	386	7.00
20220327	1900	382	6.99
20220327	2000	382	6.99
20220327	2100	377	6.98
20220327	2200	373	6.97
20220327	2300	369	6.96
20220328	0000	369	6.96
20220328	0100	365	6.95
20220328	0200	360	6.94
20220328	0300	356	6.93
20220328	0400	352	6.92
20220328	0500	348	6.91
20220328	0600	344	6.90
20220328	0700	340	6.89
20220328	0800	336	6.88
20220328	0900	332	6.87
20220328	1000	328	6.86
20220328	1100	324	6.85
20220328	1200	324	6.85
20220328	1300	316	6.83
20220328	1400	312	6.82
20220328	1500	312	6.82
20220328	1600	308	6.81
20220328	1700	304	6.80
20220328	1800	304	6.80
20220328	1900	300	6.79
20220328	2000	300	6.79
20220328	2100	300	6.79
20220328	2200	300	6.79
20220328	2300	300	6.79
20220329	0000	297	6.78
20220329	0100	297	6.78
20220329	0200	293	6.77
20220329	0300	289	6.76
20220329	0400	289	6.76
20220329	0500	285	6.75
20220329	0600	273	6.72
20220329	0700	269	6.71
20220329	0800	269	6.71
20220329	0900	265	6.70
20220329	1000	261	6.69
20220329	1100	261	6.69
20220329	1200	258	6.68
20220329	1300	261	6.69
20220329	1400	265	6.70
20220329	1500	273	6.72
20220329	1600	269	6.71
20220329	1700	265	6.70
20220329	1800	261	6.69
20220329	1900	265	6.70
20220329	2000	265	6.70
20220329	2100	265	6.70
20220329	2200	269	6.71
20220329	2300	269	6.71
20220330	0000	273	6.72
20220330	0100	273	6.72
20220330	0200	273	6.72
20220330	0300	269	6.71
20220330	0400	269	6.71
20220330	0500	265	6.70
20220330	0600	265	6.70
20220330	0700	261	6.69
20220330	0800	258	6.68
20220330	0900	254	6.67
20220330	1000	254	6.67
20220330	1100	250	6.66
20220330	1200	250	6.66
20220330	1300	247	6.65
20220330	1400	250	6.66
20220330	1500	247	6.65
20220330	1600	247	6.65
20220330	1700	243	6.64
20220330	1800	243	6.64
20220330	1900	247	6.65
20220330	2000	247	6.65
20220330	2100	247	6.65
20220330	2200	250	6.66
20220330	2300	250	6.66
20220331	0000	254	6.67
20220331	0100	254	6.67
20220331	0200	254	6.67
20220331	0300	254	6.67
20220331	0400	254	6.67
20220331	0500	254	6.67
20220331	0600	258	6.68
20220331	0700	258	6.68
20220331	0800	258	6.68
20220331	0900	261	6.69
20220331	1000	265	6.70
20220331	1100	269	6.71
20220331	1200	269	6.71
20220331	1300	277	6.73
20220331	1400	281	6.74
20220331	1500	281	6.74
20220331	1600	289	6.76
20220331	1700	289	6.76
20220331	1800	297	6.78
20220331	1900	297	6.78
20220331	2000	316	6.83
20220331	2100	348	6.91
20220331	2200	614	7.45
20220331	2300	766	7.70
20220401	0000	819	7.78
20220401	0100	833	7.80
20220401	0200	826	7.79
20220401	0300	819	7.78
20220401	0400	813	7.77
20220401	0500	793	7.74
20220401	0600	754	7.68
20220401	0700	734	7.65
20220401	0800	703	7.60
20220401	0900	685	7.57
20220401	1000	661	7.53
20220401	1100	643	7.50
20220401	1200	625	7.47
20220401	1300	614	7.45
20220401	1400	602	7.43
20220401	1500	591	7.41
20220401	1600	580	7.39
20220401	1700	569	7.37
20220401	1800	563	7.36
20220401	1900	553	7.34
20220401	2000	542	7.32
20220401	2100	536	7.31
20220401	2200	531	7.30
20220401	2300	526	7.29
20220402	0000	521	7.28
20220402	0100	510	7.26
20220402	0200	505	7.25
20220402	0300	495	7.23
20220402	0400	490	7.22
20220402	0500	485	7.21
20220402	0600	475	7.19
20220402	0700	470	7.18
20220402	0800	460	7.16
20220402	0900	455	7.15
20220402	1000	450	7.14
20220402	1100	445	7.13
20220402	1200	441	7.12
20220402	1300	436	7.11
20220402	1400	436	7.11
20220402	1500	431	7.10
20220402	1600	426	7.09
20220402	1700	422	7.08
20220402	1800	417	7.07
20220402	1900	417	7.07
20220402	2000	413	7.06
20220402	2100	408	7.05
20220402	2200	408	7.05
20220402	2300	404	7.04
20220403	0000	404	7.04
20220403	0100	404	7.04
20220403	0200	404	7.04
20220403	0300	399	7.03
20220403	0400	399	7.03
20220403	0500	395	7.02
20220403	0600	390	7.01
20220403	0700	390	7.01
20220403	0800	386	7.00
20220403	0900	386	7.00
20220403	1000	386	7.00
20220403	1100	386	7.00
20220403	1200	386	7.00
20220403	1300	386	7.00
20220403	1400	386	7.00
20220403	1500	386	7.00
20220403	1600	382	6.99
20220403	1700	382	6.99
20220403	1800	382	6.99
20220403	1900	382	6.99
20220403	2000	382	6.99
20220403	2100	382	6.99
20220403	2200	377	6.98
20220403	2300	377	6.98
20220404	0000	377	6.98
20220404	0100	377	6.98
20220404	0200	373	6.97
20220404	0300	373	6.97
20220404	0400	373	6.97
20220404	0500	369	6.96
20220404	0600	365	6.95
20220404	0700	365	6.95
20220404	0800	365	6.95
20220404	0900	360	6.94
20220404	1000	360	6.94
20220404	1100	356	6.93
20220404	1200	356	6.93
20220404	1300	352	6.92
20220404	1400	352	6.92
20220404	1500	348	6.91
20220404	1600	348	6.91
20220404	1700	344	6.90
20220404	1800	344	6.90
20220404	1900	344	6.90
20220404	2000	340	6.89
20220404	2100	340	6.89
20220404	2200	340	6.89
20220404	2300	336	6.88
20220405	0000	336	6.88
20220405	0100	332	6.87
20220405	0200	332	6.87
20220405	0300	332	6.87
20220405	0400	328	6.86
20220405	0500	328	6.86
20220405	0600	328	6.86
20220405	0700	328	6.86
20220405	0800	324	6.85
20220405	0900	324	6.85
20220405	1000	320	6.84
20220405	1100	320	6.84
20220405	1200	320	6.84
20220405	1300	316	6.83
20220405	1400	316	6.83
20220405	1500	316	6.83
20220405	1600	312	6.82
20220405	1700	312	6.82
20220405	1800	308	6.81
20220405	1900	308	6.81
20220405	2000	304	6.80
20220405	2100	304	6.80
20220405	2200	304	6.80
20220405	2300	304	6.80
20220406	0000	304	6.80
20220412	1020	490	7.22
20220412	1120	500	7.24
20220412	1220	505	7.25
20220412	1320	505	7.25
20220412	1420	505	7.25
20220412	1520	505	7.25
20220412	1620	447	7.25
20220412	1720	447	7.25
20220412	1820	447	7.25
20220412	1920	447	7.25
20220412	2020	452	7.26
20220412	2120	447	7.25
20220412	2220	442	7.24
20220412	2320	437	7.23
20220413	0020	427	7.21
20220413	0120	422	7.20
20220413	0220	412	7.18
20220413	0320	407	7.17
20220413	0420	407	7.17
20220413	0520	397	7.15
20220413	0620	388	7.13
20220413	0720	388	7.13
20220413	0820	383	7.12
20220413	0920	378	7.11
20220413	1020	373	7.10
20220413	1120	369	7.09
20220413	1220	369	7.09
20220413	1320	369	7.09
20220413	1420	365	7.08
20220413	1520	360	7.07
20220413	1620	356	7.06
20220413	1720	356	7.06
20220413	1820	356	7.06
20220413	1920	352	7.05
20220413	2020	352	7.05
20220413	2120	348	7.04
20220413	2220	348	7.04
20220413	2320	348	7.04
20220414	0020	352	7.05
20220414	0120	352	7.05
20220414	0220	348	7.04
20220414	0320	348	7.04
20220414	0420	344	7.03
20220414	0520	344	7.02
20220414	0620	340	7.02
20220414	0720	340	7.01
20220414	0820	336	7.00
20220414	0920	332	7.00
20220414	1020	328	6.99
20220414	1120	328	6.99
20220414	1220	324	6.98
20220414	1320	324	6.98
20220414	1420	324	6.98
20220414	1520	324	6.98
20220414	1620	320	6.97
20220414	1720	320	6.97
20220414	1820	316	6.96
20220414	1920	316	6.96
20220414	2020	316	6.96
20220414	2120	312	6.95
20220414	2220	312	6.95
20220414	2320	308	6.94
20220415	0020	308	6.94
20220415	0120	304	6.93
20220415	0220	304	6.93
20220415	0320	300	6.92
20220415	0420	300	6.92
20220415	0520	297	6.91
20220415	0620	293	6.90
20220415	0720	293	6.90
20220415	0820	293	6.90
20220415	0920	289	6.89
20220415	1020	289	6.89
20220415	1120	285	6.88
20220415	1220	281	6.87
20220415	1322	281	6.87
20220415	1420	273	6.85
20220415	1520	273	6.85
20220415	1620	269	6.84
20220415	1720	269	6.84
20220415	1820	265	6.83
20220415	1920	261	6.82
20220415	2020	258	6.81
20220415	2120	258	6.81
20220415	2220	250	6.79
20220415	2320	250	6.79
20220416	0020	250	6.79
20220416	0120	250	6.79
20220416	0220	247	6.78
20220416	0320	243	6.77
20220416	0420	243	6.77
20220416	0520	243	6.77
20220416	0620	243	6.77
20220416	0720	239	6.76
20220416	0820	239	6.76
20220416	0920	236	6.75
20220416	1020	236	6.75
20220416	1120	236	6.75
20220416	1220	236	6.75
20220416	1320	247	6.78
20220416	1420	261	6.82
20220416	1520	289	6.89
20220416	1620	348	7.04
20220416	1720	412	7.18
20220416	1820	468	7.29
20220416	1920	533	7.41
20220416	2020	616	7.55
20220416	2120	685	7.66
20220416	2220	718	7.71
20220416	2320	705	7.69
20220417	0020	698	7.68
20220417	0120	679	7.65
20220417	0220	666	7.63
20220417	0320	647	7.60
20220417	0420	622	7.56
20220417	0520	598	7.52
20220417	0620	574	7.48
20220417	0720	550	7.44
20220417	0820	528	7.40
20220417	0920	511	7.37
20220417	1020	494	7.34
20220417	1120	484	7.32
20220417	1220	468	7.29
20220417	1320	457	7.27
20220417	1420	447	7.25
20220417	1520	437	7.23
20220417	1620	427	7.21
20220417	1720	417	7.19
20220417	1820	412	7.18
20220417	1920	407	7.17
20220417	2020	402	7.16
20220417	2120	392	7.14
20220417	2220	388	7.13
20220417	2320	383	7.12
20220418	0020	378	7.11
20220418	0120	373	7.10
20220418	0220	369	7.09
20220418	0320	365	7.08
20220418	0420	360	7.07
20220418	0520	356	7.06
20220418	0620	352	7.05
20220418	0720	348	7.04
20220418	0820	344	7.03
20220418	0920	340	7.02
20220418	1020	340	7.02
20220418	1120	336	7.01
20220418	1220	332	7.00
20220418	1320	328	6.99
20220418	1420	328	6.99
20220418	1520	324	6.98
20220418	1620	324	6.98
20220418	1720	336	7.01
20220418	1820	344	7.03
20220418	1920	348	7.04
20220418	2020	356	7.06
20220418	2120	365	7.08
20220418	2220	378	7.11
20220418	2320	402	7.16
20220419	0020	432	7.22
20220419	0120	462	7.28
20220419	0220	462	7.28
20220419	0320	462	7.28
20220419	0420	462	7.28
20220419	0520	528	7.40
20220419	0620	539	7.42
20220419	0720	539	7.42
20220419	0820	545	7.43
20220419	0920	545	7.43
20220419	1020	550	7.44
20220419	1120	556	7.45
20220419	1220	562	7.46
20220419	1320	580	7.49
20220419	1420	604	7.53
20220419	1520	628	7.57
20220419	1620	660	7.62
20220419	1720	725	7.72
20220419	1820	844	7.89
20220419	1920	1000	8.10
20220419	2020	1110	8.23
20220419	2120	1150	8.28
20220419	2220	1150	8.28
20220419	2320	1130	8.26
20220420	0020	1080	8.20
20220420	0120	1030	8.13
20220420	0220	980	8.07
20220420	0320	933	8.01
20220420	0420	880	7.94
20220420	0520	829	7.87
20220420	0620	786	7.81
20220420	0720	752	7.76
20220420	0820	718	7.71
20220420	0920	692	7.67
20220420	1020	666	7.63
20220420	1120	666	7.63
20220420	1220	641	7.59
20220420	1320	653	7.61
20220420	1420	672	7.64
20220420	1520	692	7.67
20220420	1620	711	7.70
20220420	1720	711	7.70
20220420	1820	752	7.79
20220420	1920	773	7.80
20220420	2020	786	7.81
20220420	2120	801	7.83
20220420	2220	801	7.83
20220420	2320	815	7.85
20220421	0020	829	7.87
20220421	0120	822	7.86
20220421	0220	822	7.85
20220421	0320	815	7.82
20220421	0420	793	7.82
20220421	0520	779	7.78
20220421	0620	752	7.76
20220421	0720	752	7.74
20220421	0820	738	7.71
20220421	0920	718	7.71
20220421	1020	705	7.69
20220421	1120	679	7.65
20220421	1220	672	7.64
20220421	1320	660	7.62
20220421	1420	666	7.63
20220421	1520	666	7.63
20220421	1620	672	7.64
20220421	1720	692	7.67
20220421	1820	705	7.69
20220421	1820	705	7.69
20220421	1920	711	7.70
20220421	1920	711	7.70
20220421	2020	718	7.71
20220421	2020	718	7.71
20220421	2120	725	7.72
20220421	2120	725	7.72
20220421	2220	732	7.73
20220421	2220	732	7.73
20220421	2320	732	7.73
20220421	2320	732	7.73
20220422	0020	732	7.73
20220422	0020	732	7.73
20220422	0120	725	7.72
20220422	0120	725	7.72
20220422	0220	718	7.71
20220422	0220	718	7.71
20220422	0320	718	7.71
20220422	0320	718	7.71
20220422	0420	711	7.70
20220422	0420	711	7.70
20220422	0520	705	7.69
20220422	0520	705	7.69
20220422	0620	698	7.68
20220422	0620	698	7.68
20220422	0720	685	7.66
20220422	0720	685	7.66
20220422	0820	685	7.66
20220422	0820	685	7.66
20220422	0920	672	7.64
20220422	0920	672	7.64
20220422	1020	666	7.63
20220422	1020	666	7.63
20220422	1120	660	7.62
20220422	1120	660	7.62
20220422	1220	653	7.61
20220422	1220	653	7.61
20220422	1320	647	7.60
20220422	1320	647	7.60
20220422	1420	641	7.59
20220422	1420	641	7.59
20220422	1520	634	7.58
20220422	1520	634	7.58
20220422	1620	628	7.57
20220422	1620	628	7.57
20220422	1720	616	7.55
20220422	1720	616	7.55
20220422	1820	610	7.54
20220422	1820	610	7.54
20220422	1920	610	7.54
20220422	1920	604	7.53
20220422	2020	598	7.52
20220422	2020	598	7.52
20220422	2120	592	7.51
20220422	2120	592	7.51
20220422	2220	586	7.50
20220422	2220	586	7.50
20220422	2320	580	7.49
20220422	2320	580	7.49
20220423	0020	574	7.48
20220423	0020	574	7.48
20220423	0120	568	7.47
20220423	0120	568	7.47
20220423	0220	562	7.46
20220423	0220	562	7.46
20220423	0320	556	7.45
20220423	0320	556	7.45
20220423	0420	556	7.45
20220423	0420	556	7.45
20220423	0520	550	7.44
20220423	0520	550	7.44
20220423	0620	550	7.44
20220423	0620	550	7.44
20220423	0720	550	7.44
20220423	0720	550	7.44
20220423	0820	545	7.43
20220423	0820	545	7.43
20220423	0920	545	7.43
20220423	0920	545	7.43
20220423	1020	539	7.42
20220423	1020	539	7.42
20220423	1120	539	7.42
20220423	1120	539	7.42
20220423	1220	539	7.42
20220423	1220	539	7.42
20220423	1320	533	7.41
20220423	1320	533	7.41
20220423	1420	533	7.41
20220423	1420	533	7.41
20220423	1520	522	7.39
20220423	1520	522	7.39
20220423	1620	522	7.39
20220423	1620	522	7.39
20220423	1720	522	7.39
20220423	1720	522	7.39
20220423	1820	516	7.38
20220423	1820	516	7.38
20220423	1920	511	7.37
20220423	1920	511	7.37
20220423	2020	505	7.36
20220423	2020	505	7.36
20220423	2120	505	7.36
20220423	2120	505	7.36
20220423	2220	505	7.36
20220423	2220	505	7.36
20220423	2320	494	7.34
20220423	2320	494	7.34
20220424	0020	494	7.34
20220424	0020	494	7.34
20220424	0120	494	7.34
20220424	0120	494	7.34
20220424	0220	484	7.32
20220424	0220	484	7.32
20220424	0320	478	7.31
20220424	0320	478	7.31
20220424	0420	478	7.31
20220424	0420	478	7.31
20220424	0520	478	7.30
20220424	0520	478	7.30
20220424	0620	468	7.29
20220424	0620	468	7.29
20220424	0720	468	7.29
20220424	0720	468	7.29
20220424	0820	462	7.28
20220424	0820	462	7.28
20220424	0920	457	7.27
20220424	0920	457	7.27
20220424	1020	457	7.27
20220424	1020	457	7.27
20220424	1120	452	7.26
20220424	1120	452	7.26
20220424	1220	452	7.26
20220424	1220	452	7.26
20220424	1320	447	7.25
20220424	1320	447	7.25
20220424	1420	447	7.25
20220424	1420	447	7.25
20220424	1520	442	7.24
20220424	1520	442	7.24
20220424	1620	437	7.23
20220424	1620	437	7.23
20220424	1720	437	7.23
20220424	1720	437	7.23
20220424	1820	432	7.22
20220424	1820	432	7.22
20220424	1920	427	7.21
20220424	1920	427	7.21
20220424	2020	422	7.20
20220424	2020	422	7.20
20220424	2120	417	7.19
20220424	2120	417	7.19
20220424	2220	417	7.19
20220424	2220	417	7.19
20220424	2320	412	7.18
20220424	2320	412	7.18
20220425	0020	407	7.17
20220425	0020	407	7.17
20220425	0120	402	7.16
20220425	0120	402	7.16
20220425	0220	402	7.16
20220425	0220	402	7.16
20220425	0320	397	7.15
20220425	0320	397	7.15
20220425	0420	392	7.14
20220425	0420	397	7.15
20220425	0520	388	7.13
20220425	0520	388	7.13
20220425	0620	388	7.13
20220425	0620	388	7.13
20220425	0720	388	7.13
20220425	0720	388	7.13
20220425	0820	378	7.11
20220425	0820	378	7.11
20220425	0920	378	7.11
20220425	0920	378	7.11
20220425	1020	378	7.11
20220425	1020	378	7.11
20220425	1120	373	7.10
20220425	1120	373	7.10
20220425	1220	373	7.10
20220425	1220	373	7.10
20220425	1320	369	7.09
20220425	1320	369	7.09
20220425	1420	369	7.09
20220425	1420	369	7.09
20220425	1520	365	7.08
20220425	1520	365	7.08
20220425	1620	365	7.07
20220425	1620	365	7.07
20220425	1720	360	7.07
20220425	1720	360	7.07
20220425	1820	356	7.06
20220425	1820	356	7.06
20220425	1920	352	7.05
20220425	1920	352	7.05
20220425	2020	356	7.06
20220425	2020	356	7.06
20220425	2120	356	7.06
20220425	2120	356	7.06
20220425	2220	352	7.05
20220425	2220	352	7.05
20220425	2320	352	7.05
20220425	2320	352	7.05
20220426	0020	352	7.05
20220426	0020	352	7.05
20220426	0120	348	7.04
20220426	0120	348	7.04
20220426	0220	344	7.03
20220426	0220	344	7.03
20220426	0320	340	7.02
20220426	0320	340	7.02
20220426	0420	340	7.02
20220426	0420	340	7.02
20220426	0520	336	7.01
20220426	0520	336	7.01
20220426	0620	336	7.01
20220426	0620	336	7.01
20220426	0720	332	7.00
20220426	0720	332	7.00
20220426	0820	332	7.00
20220426	0820	332	7.00
20220426	0920	332	7.00
20220426	0920	332	7.00
20220426	1020	332	7.00
20220426	1020	332	7.00
20220426	1120	332	7.00
20220426	1120	332	7.00
20220426	1220	332	7.00
20220426	1220	332	7.00
20220426	1320	332	7.00
20220426	1320	332	7.00
20220426	1420	332	7.00
20220426	1420	332	7.00
20220426	1520	332	7.00
20220426	1520	332	7.00
20220426	1620	332	7.00
20220426	1620	332	7.00
20220426	1720	332	7.00
20220426	1720	332	7.00
20220426	1820	332	7.00
20220426	1820	332	7.00
20220426	1920	332	7.00
20220426	1920	332	7.00
20220426	2020	332	7.00
20220426	2020	332	7.00
20220426	2120	332	7.00
20220426	2120	332	7.00
20220426	2220	336	7.01
20220426	2220	336	7.01
20220426	2320	332	7.00
20220426	2320	332	7.00
20220427	0020	332	7.00
20220427	0020	332	7.00
20220427	0120	332	7.00
20220427	0120	332	7.00
20220427	0220	332	7.00
20220427	0220	332	7.00
20220427	0320	332	6.99
20220427	0320	332	6.99
20220427	0420	328	6.99
20220427	0420	328	6.99
20220427	0520	324	6.98
20220427	0520	324	6.98
20220427	0620	320	6.97
20220427	0620	320	6.97
20220427	0720	320	6.97
20220427	0720	320	6.97
20220427	0820	312	6.95
20220427	0820	312	6.95
20220427	0920	312	6.95
20220427	0920	312	6.95
20220427	1020	308	6.94
20220427	1020	308	6.94
20220427	1120	308	6.94
20220427	1120	308	6.94
20220427	1220	304	6.93
20220427	1220	304	6.93
20220427	1320	300	6.92
20220427	1320	300	6.92
20220427	1420	300	6.92
20220427	1420	300	6.92
20220427	1520	297	6.91
20220427	1520	297	6.91
20220427	1620	293	6.90
20220427	1620	293	6.90
20220427	1720	293	6.90
20220427	1720	293	6.90
20220427	1820	289	6.89
20220427	1820	289	6.89
20220427	1920	285	6.88
20220427	1920	285	6.88
20220427	2020	285	6.88
20220427	2020	285	6.88
20220427	2120	281	6.87
20220427	2120	281	6.87
20220427	2220	281	6.87
20220427	2220	281	6.87
20220427	2320	285	6.88
20220427	2320	285	6.88
20220428	1124	254	6.80
20220428	1224	254	6.80
20220428	1324	250	6.79
20220428	1424	247	6.78
20220428	1524	247	6.78
20220428	1624	247	6.78
20220428	1724	243	6.77
20220428	1824	243	6.77
20220428	1924	239	6.76
20220428	2024	239	6.76
20220428	2124	236	6.75
20220428	2224	232	6.74
20220428	2324	232	6.74
20220429	0024	229	6.73
20220429	0124	229	6.73
20220429	0224	225	6.72
20220429	0324	225	6.72
20220429	0424	222	6.71
20220429	0524	222	6.71
20220429	0624	222	6.71
20220429	0724	218	6.70
20220429	0824	218	6.70
20220429	0924	218	6.70
20220429	1024	215	6.69
20220429	1124	215	6.69
20220429	1224	212	6.68
20220429	1324	212	6.68
20220429	1424	208	6.67
20220429	1524	208	6.67
20220429	1624	205	6.66
20220429	1724	205	6.66
20220429	1824	202	6.65
20220429	1924	202	6.65
20220429	2024	202	6.65
20220429	2124	198	6.64
20220429	2224	198	6.64
20220429	2324	195	6.63
20220430	0024	195	6.63
20220430	0124	195	6.63
20220430	0224	195	6.63
20220430	0324	195	6.63
20220430	0424	192	6.62
20220430	0524	192	6.62
20220430	0624	192	6.62
20220430	0724	189	6.61
20220430	0824	189	6.61
20220430	0924	189	6.61
20220430	1024	189	6.61
20220430	1124	186	6.60
20220430	1224	186	6.60
20220430	1324	183	6.59
20220430	1424	183	6.59
20220430	1524	180	6.58
20220430	1624	180	6.58
20220430	1724	180	6.58
20220430	1824	177	6.57
20220430	1924	177	6.57
20220430	2024	174	6.56
20220430	2124	174	6.56
20220430	2224	174	6.56
20220430	2324	171	6.55
20220501	0024	171	6.55
20220501	0124	168	6.54
20220501	0224	168	6.54
20220501	0324	168	6.54
20220501	0424	168	6.54
20220501	0524	165	6.53
20220501	0624	165	6.53
20220501	0724	162	6.52
20220501	0824	162	6.52
20220501	0924	162	6.52
20220501	1024	159	6.51
20220501	1124	159	6.51
20220501	1224	159	6.51
20220501	1324	156	6.50
20220501	1424	156	6.50
20220501	1524	156	6.50
20220501	1624	154	6.49
20220501	1724	156	6.50
20220501	1824	156	6.50
20220501	1924	156	6.50
20220501	2024	156	6.50
20220501	2124	156	6.50
20220501	2224	154	6.49
20220501	2324	154	6.49
20220502	0024	154	6.49
20220502	0124	156	6.50
20220502	0224	156	6.50
20220502	0324	159	6.51
20220502	0424	162	6.52
20220502	0524	165	6.53
20220502	0624	165	6.53
20220502	0724	165	6.53
20220502	0824	168	6.54
20220502	0924	168	6.54
20220502	1024	168	6.54
20220502	1124	171	6.55
20220502	1224	171	6.55
20220502	1324	171	6.55
20220502	1424	171	6.55
20220502	1524	171	6.55
20220502	1624	171	6.55
20220502	1724	171	6.55
20220502	1824	168	6.54
20220502	1924	168	6.54
20220502	2024	168	6.54
20220502	2124	165	6.53
20220502	2224	165	6.53
20220502	2324	165	6.53
20220503	0024	165	6.53
20220503	0124	162	6.52
20220503	0224	162	6.52
20220503	0324	159	6.51
20220503	0424	159	6.51
20220503	0524	156	6.50
20220503	0624	156	6.50
20220503	0724	154	6.49
20220503	0824	154	6.49
20220503	0924	154	6.49
20220503	1024	151	6.48
20220503	1124	151	6.48
20220503	1224	151	6.48
20220503	1324	148	6.47
20220503	1424	148	6.47
20220503	1524	148	6.47
20220503	1624	145	6.46
20220503	1724	145	6.46
20220503	1824	143	6.45
20220503	1924	143	6.45
20220503	2024	143	6.45
20220503	2124	140	6.44
20220503	2224	140	6.44
20220503	2324	140	6.44
20220504	0024	140	6.44
20220504	0124	140	6.44
20220504	0224	140	6.44
20220504	0324	140	6.44
20220504	0424	140	6.44
20220504	0524	137	6.43
20220504	0624	137	6.43
20220504	0724	137	6.43
20220504	0824	137	6.43
20220504	0924	140	6.44
20220504	1024	140	6.44
20220504	1124	140	6.44
20220504	1224	140	6.44
20220504	1324	140	6.44
20220504	1424	140	6.44
20220504	1524	143	6.45
20220504	1624	143	6.45
20220504	1724	143	6.45
20220504	1824	143	6.45
20220504	1924	148	6.47
20220504	2024	148	6.47
20220504	2124	154	6.49
20220504	2224	154	6.49
20220504	2324	154	6.49
20220505	0024	154	6.49
20220505	0124	156	6.50
20220505	0224	156	6.50
20220505	0324	159	6.51
20220505	0424	159	6.51
20220505	0524	156	6.50
20220505	0624	156	6.50
20220505	0724	159	6.51
20220505	0824	159	6.51
20220505	0924	159	6.51
20220505	1024	159	6.51
20220505	1124	159	6.51
20220505	1224	156	6.50
20220505	1324	156	6.50
20220505	1424	154	6.49
20220505	1524	154	6.49
20220505	1624	151	6.48
20220505	1724	148	6.47
20220505	1824	145	6.46
20220505	1924	145	6.46
20220505	2024	143	6.45
20220505	2124	143	6.45
20220505	2224	140	6.44
20220505	2324	137	6.43
20220506	0024	137	6.43
20220506	0124	135	6.42
20220506	0224	135	6.42
20220506	0324	132	6.41
20220506	0424	132	6.41
20220506	0524	132	6.41
20220506	0624	130	6.40
20220506	0724	132	6.41
20220506	0824	132	6.41
20220506	0924	132	6.41
20220506	1024	135	6.42
20220506	1124	137	6.43
20220506	1224	143	6.45
20220506	1324	148	6.47
20220506	1424	156	6.50
20220506	1524	165	6.53
20220506	1624	180	6.58
20220506	1724	198	6.64
20220506	1824	225	6.72
20220506	1924	258	6.81
20220506	2024	300	6.92
20220506	2124	348	7.04
20220506	2224	417	7.19
20220506	2324	516	7.38
20220507	0024	622	7.56
20220507	0124	698	7.68
20220507	0224	745	7.75
20220507	0324	773	7.79
20220507	0424	779	7.80
20220507	0524	779	7.80
20220507	0624	773	7.79
20220507	0724	759	7.77
20220507	0824	738	7.74
20220507	0924	718	7.71
20220507	1024	698	7.68
20220507	1124	672	7.64
20220507	1224	647	7.60
20220507	1324	622	7.56
20220507	1424	598	7.52
20220507	1524	574	7.48
20220507	1624	550	7.44
20220507	1724	533	7.41
20220507	1824	511	7.37
20220507	1924	494	7.34
20220507	2024	484	7.32
20220507	2124	468	7.29
20220507	2224	452	7.26
20220507	2324	442	7.24
20220508	0024	427	7.21
20220508	0124	417	7.19
20220508	0224	407	7.17
20220508	0324	402	7.16
20220508	0424	392	7.14
20220508	0524	383	7.12
20220508	0624	378	7.11
20220508	0724	369	7.09
20220508	0824	365	7.08
20220508	0924	360	7.07
20220508	1024	352	7.05
20220508	1124	352	7.05
20220508	1224	348	7.04
20220508	1324	344	7.03
20220508	1424	340	7.02
20220508	1524	336	7.01
20220508	1624	332	7.00
20220508	1724	328	6.99
20220508	1824	324	6.98
20220508	1924	320	6.97
20220508	2024	316	6.96
20220508	2124	312	6.95
20220508	2224	308	6.94
20220508	2324	308	6.94
20220509	0024	304	6.93
20220509	0124	304	6.93
20220509	0224	300	6.92
20220509	0324	297	6.91
20220509	0424	297	6.91
20220509	0524	293	6.90
20220509	0624	289	6.89
20220509	0724	285	6.88
20220509	0824	285	6.88
20220509	0924	281	6.87
20220509	1024	281	6.87
20220509	1124	277	6.86
20220509	1224	277	6.86
20220509	1324	273	6.85
20220509	1424	273	6.85
20220509	1524	273	6.85
20220509	1624	269	6.84
20220509	1724	269	6.84
20220509	1824	265	6.83
20220509	1924	265	6.83
20220509	2024	265	6.83
20220509	2124	265	6.83
20220509	2224	269	6.84
20220509	2324	273	6.85
20220510	0024	273	6.85
20220510	0124	269	6.84
20220510	0224	265	6.83
20220510	0324	265	6.83
20220510	0424	261	6.82
20220510	0524	258	6.81
20220510	0624	258	6.81
20220510	0724	254	6.80
20220510	0824	250	6.79
20220510	0924	250	6.79
20220510	0954	250	6.79
20220510	1054	247	6.78
20220510	1154	243	6.77
20220510	1254	243	6.77
20220510	1354	239	6.76
20220510	1454	236	6.75
20220510	1554	232	6.74
20220510	1654	232	6.74
20220510	1754	229	6.73
20220510	1854	229	6.73
20220510	1954	225	6.72
20220510	2054	225	6.72
20220510	2154	225	6.72
20220510	2303	222	6.71
20220511	0003	225	6.72
20220511	0103	222	6.71
20220511	0203	218	6.70
20220511	0303	218	6.70
20220511	0403	215	6.69
20220511	0503	212	6.68
20220511	0603	212	6.68
20220511	0703	212	6.68
20220511	0803	208	6.67
20220511	0903	208	6.67
20220511	1003	205	6.66
20220511	1103	205	6.66
20220511	1203	205	6.66
20220511	1303	205	6.66
20220511	1403	202	6.65
20220511	1503	202	6.65
20220511	1603	202	6.65
20220511	1703	198	6.64
20220511	1803	198	6.64
20220511	1903	195	6.63
20220511	2003	195	6.63
20220511	2103	195	6.63
20220511	2203	192	6.62
20220511	2303	192	6.62
20220512	0003	189	6.61
20220512	0103	189	6.61
20220512	0203	189	6.61
20220512	0303	186	6.60
20220512	0403	186	6.60
20220512	0503	183	6.59
20220512	0603	183	6.59
20220512	0703	180	6.58
20220512	0803	180	6.58
20220512	0903	180	6.58
20220512	1003	180	6.58
20220512	1103	218	6.57
20220512	1203	218	6.57
20220512	1303	218	6.57
20220512	1403	218	6.57
20220512	1503	218	6.57
20220512	1603	215	6.56
20220512	1703	215	6.56
20220512	1803	215	6.56
20220512	1903	213	6.55
20220512	2003	213	6.55
20220512	2103	213	6.55
20220512	2203	213	6.55
20220512	2303	213	6.55
20220513	0003	210	6.54
20220513	0103	210	6.54
20220513	0203	210	6.54
20220513	0303	208	6.53
20220513	0403	208	6.53
20220513	0503	205	6.52
20220513	0603	205	6.52
20220513	0703	203	6.51
20220513	0803	203	6.51
20220513	0903	203	6.51
20220513	1003	203	6.51
20220513	1103	200	6.50
20220513	1203	200	6.50
20220513	1303	200	6.50
20220513	1403	200	6.50
20220513	1503	200	6.50
20220513	1603	198	6.49
20220513	1703	198	6.49
20220513	1803	198	6.49
20220513	1903	198	6.49
20220513	2003	198	6.49
20220513	2103	195	6.48
20220513	2203	195	6.48
20220513	2303	195	6.48
20220514	0003	193	6.47
20220514	0103	193	6.47
20220514	0203	193	6.47
20220514	0303	191	6.46
20220514	0403	191	6.46
20220514	0503	191	6.46
20220514	0603	191	6.46
20220514	0703	191	6.46
20220514	0803	188	6.45
20220514	0903	188	6.45
20220514	1003	188	6.45
20220514	1103	188	6.45
20220514	1203	188	6.45
20220514	1303	186	6.44
20220514	1403	186	6.44
20220514	1503	188	6.45
20220514	1603	186	6.44
20220514	1703	186	6.44
20220514	1803	186	6.44
20220514	1903	200	6.50
20220514	2003	205	6.52
20220514	2103	205	6.52
20220514	2203	205	6.52
20220514	2303	203	6.51
20220515	0003	200	6.50
20220515	0103	200	6.50
20220515	0203	200	6.50
20220515	0303	200	6.50
20220515	0403	198	6.49
20220515	0503	200	6.50
20220515	0603	198	6.49
20220515	0703	198	6.49
20220515	0803	198	6.49
20220515	0903	195	6.48
20220515	1003	195	6.48
20220515	1103	195	6.48
20220515	1203	193	6.47
20220515	1303	193	6.47
20220515	1403	193	6.47
20220515	1503	191	6.46
20220515	1603	191	6.46
20220515	1703	191	6.46
20220515	1803	213	6.55
20220515	1903	343	6.99
20220515	2003	424	7.21
20220515	2103	408	7.17
20220515	2203	382	7.10
20220515	2303	367	7.06
20220516	0003	353	7.02
20220516	0103	460	7.30
20220516	0203	494	7.38
20220516	0303	481	7.35
20220516	0403	460	7.30
20220516	0503	440	7.25
20220516	0603	420	7.20
20220516	0703	404	7.16
20220516	0803	386	7.11
20220516	0903	375	7.08
20220516	1003	364	7.05
20220516	1103	353	7.02
20220516	1203	343	6.99
20220516	1303	336	6.97
20220516	1403	339	6.98
20220516	1503	343	6.99
20220516	1603	350	7.01
20220516	1703	360	7.04
20220516	1803	389	7.12
20220516	1903	416	7.19
20220516	2003	436	7.24
20220516	2103	689	7.78
20220516	2203	757	7.90
20220516	2303	751	7.89
20220517	0003	722	7.84
20220517	0103	700	7.80
20220517	0203	668	7.74
20220517	0303	637	7.68
20220517	0403	611	7.63
20220517	0503	587	7.58
20220517	0603	563	7.53
20220517	0703	539	7.48
20220517	0803	521	7.44
20220517	0903	507	7.41
20220517	0918	507	7.41
20220517	0948	494	7.38
20220517	0950	494	7.38
20220517	1050	481	7.35
20220517	1150	469	7.32
20220517	1250	460	7.30
20220517	1350	448	7.27
20220517	1450	440	7.25
20220517	1550	432	7.23
20220517	1650	420	7.20
20220517	1750	412	7.18
20220517	1850	404	7.16
20220517	1950	397	7.14
20220517	2050	389	7.12
20220517	2150	382	7.10
20220517	2250	375	7.08
20220517	2350	367	7.06
20220518	0050	364	7.05
20220518	0150	357	7.03
20220518	0250	350	7.01
20220518	0350	346	7.00
20220518	0450	343	6.99
20220518	0550	336	6.97
20220518	0650	333	6.96
20220518	0750	329	6.95
20220518	0850	326	6.94
20220518	0950	323	6.93
20220518	1050	319	6.92
20220518	1150	316	6.91
20220518	1250	313	6.90
20220518	1350	313	6.90
20220518	1450	310	6.89
20220518	1550	306	6.88
20220518	1650	303	6.87
20220518	1750	300	6.86
20220518	1850	297	6.85
20220518	1950	294	6.84
20220518	2050	291	6.83
20220518	2150	291	6.83
20220518	2250	288	6.82
20220518	2350	291	6.83
20220519	0050	291	6.83
20220519	0150	291	6.83
20220519	0250	291	6.83
20220519	0350	291	6.83
20220519	0450	291	6.83
20220519	0550	288	6.82
20220519	0650	288	6.82
20220519	0750	288	6.82
20220519	0850	285	6.81
20220519	0950	285	6.81
20220519	1050	285	6.81
20220519	1150	285	6.81
20220519	1250	285	6.81
20220519	1350	285	6.81
20220519	1450	285	6.81
20220519	1550	285	6.81
20220519	1650	285	6.81
20220519	1750	285	6.81
20220519	1850	282	6.80
20220519	1950	288	6.82
20220519	2050	285	6.81
20220519	2150	285	6.81
20220519	2250	285	6.81
20220519	2350	285	6.81
20220520	0050	282	6.80
20220520	0150	279	6.79
20220520	0250	276	6.78
20220520	0350	273	6.77
20220520	0450	273	6.77
20220520	0550	270	6.76
20220520	0650	267	6.75
20220520	0750	264	6.74
20220520	0850	261	6.73
20220520	0950	258	6.72
20220520	1050	255	6.71
20220520	1150	252	6.70
20220520	1250	252	6.70
20220520	1350	250	6.69
20220520	1450	247	6.68
20220520	1550	244	6.67
20220520	1650	244	6.67
20220520	1750	241	6.66
20220520	1850	239	6.65
20220520	1950	236	6.64
20220520	2050	236	6.64
20220520	2150	233	6.63
20220520	2250	233	6.63
20220520	2350	233	6.63
20220521	0050	231	6.62
20220521	0150	231	6.62
20220521	0250	231	6.62
20220521	0350	228	6.61
20220521	0450	228	6.61
20220521	0550	225	6.60
20220521	0650	225	6.60
20220521	0750	223	6.59
20220521	0850	223	6.59
20220521	0950	220	6.58
20220521	1050	220	6.58
20220521	1150	220	6.58
20220521	1250	220	6.58
20220521	1350	218	6.57
20220521	1450	215	6.56
20220521	1550	215	6.56
20220521	1650	213	6.55
20220521	1750	213	6.55
20220521	1850	210	6.54
20220521	1950	208	6.53
20220521	2050	210	6.54
20220521	2150	223	6.59
20220521	2250	225	6.60
20220521	2350	225	6.60
20220522	0050	225	6.60
20220522	0150	223	6.59
20220522	0250	220	6.58
20220522	0350	218	6.57
20220522	0450	215	6.56
20220522	0550	213	6.55
20220522	0650	210	6.54
20220522	0750	208	6.53
20220522	0850	205	6.52
20220522	0950	205	6.52
20220522	1050	203	6.51
20220522	1150	203	6.51
20220522	1250	200	6.50
20220522	1350	198	6.49
20220522	1450	195	6.48
20220522	1550	195	6.48
20220522	1650	198	6.49
20220522	1750	210	6.54
20220522	1850	241	6.66
20220522	1950	264	6.74
20220522	2050	261	6.73
20220522	2150	258	6.72
20220522	2250	250	6.69
20220522	2350	241	6.66
20220523	0050	239	6.65
20220523	0150	236	6.64
20220523	0250	233	6.63
20220523	0350	231	6.62
20220523	0450	231	6.62
20220523	0550	228	6.61
20220523	0650	228	6.61
20220523	0750	225	6.60
20220523	0850	223	6.59
20220523	0950	223	6.59
20220523	1050	220	6.58
20220523	1150	218	6.57
20220523	1250	215	6.56
20220523	1350	213	6.55
20220523	1450	210	6.54
20220523	1550	208	6.53
20220523	1650	205	6.52
20220523	1750	203	6.51
20220523	1850	200	6.50
20220523	1950	198	6.49
20220523	2050	195	6.48
20220523	2150	193	6.47
20220523	2250	191	6.46
20220523	2350	191	6.46
20220524	0050	188	6.45
20220524	0150	186	6.44
20220524	0250	184	6.43
20220524	0350	184	6.43
20220524	0450	181	6.42
20220524	0550	179	6.41
20220524	0650	179	6.41
20220524	0750	179	6.41
20220524	0850	176	6.40
20220524	0950	176	6.40
20220524	1050	176	6.40
20220524	1150	174	6.39
20220524	1250	171	6.38
20220524	1350	171	6.38
20220524	1450	171	6.38
20220524	1550	171	6.38
20220524	1650	169	6.37
20220524	1750	169	6.37
20220524	1850	169	6.37
20220524	1950	167	6.36
20220524	2050	167	6.36
20220524	2150	164	6.35
20220524	2250	164	6.35
20220524	2350	164	6.35
20220525	0050	162	6.34
20220525	0150	162	6.34
20220525	0250	162	6.34
20220525	0350	162	6.34
20220525	0450	160	6.33
20220525	0550	160	6.33
20220525	0650	160	6.33
20220525	0750	160	6.33
20220525	0850	160	6.33
20220525	0950	157	6.32
20220525	1050	157	6.32
20220525	1150	157	6.32
20220525	1250	157	6.32
20220525	1350	157	6.32
20220525	1450	155	6.31
20220525	1550	155	6.31
20220525	1650	153	6.30
20220525	1750	153	6.30
20220525	1850	151	6.29
20220525	1950	151	6.29
20220525	2050	149	6.28
20220525	2150	146	6.27
20220525	2250	146	6.27
20220525	2350	146	6.27
20220526	0050	146	6.27
20220526	0150	144	6.26
20220526	0250	144	6.26
20220526	0350	142	6.25
20220526	0450	142	6.25
20220526	0550	142	6.25
20220526	0650	140	6.24
20220526	0750	140	6.24
20220526	0850	138	6.23
20220526	0950	138	6.23
20220526	1050	136	6.22
20220526	1150	136	6.22
20220526	1250	136	6.22
20220526	1350	136	6.22
20220526	1450	134	6.21
20220526	1550	134	6.21
20220526	1650	132	6.20
20220526	1750	130	6.19
20220526	1850	132	6.20
20220526	1950	130	6.19
20220526	2050	130	6.19
20220526	2150	128	6.18
20220526	2250	128	6.18
20220526	2350	128	6.18
20220527	0050	126	6.17
20220527	0150	126	6.17
20220527	0250	126	6.17
20220527	0350	124	6.16
20220527	0450	126	6.17
20220527	0550	126	6.17
20220527	0650	124	6.16
20220527	0750	124	6.16
20220527	0850	124	6.16
20220527	0950	124	6.16
20220527	1050	124	6.16
20220527	1150	124	6.16
20220527	1250	124	6.16
20220527	1350	124	6.16
20220527	1450	124	6.16
20220527	1550	128	6.18
20220527	1650	130	6.19
20220527	1750	130	6.19
20220527	1850	130	6.19
20220527	1950	132	6.20
20220527	2050	132	6.20
20220527	2150	132	6.20
20220527	2250	134	6.21
20220527	2350	134	6.21
20220528	0050	134	6.21
20220528	0150	134	6.21
20220528	0250	134	6.21
20220528	0350	136	6.22
20220528	0450	136	6.22
20220528	0550	136	6.22
20220528	0650	138	6.23
20220528	0750	138	6.23
20220528	0850	140	6.24
20220528	0950	140	6.24
20220528	1050	142	6.25
20220528	1150	142	6.25
20220528	1250	140	6.24
20220528	1350	144	6.26
20220528	1450	146	6.27
20220528	1550	149	6.28
20220528	1650	146	6.27
20220528	1750	146	6.27
20220528	1850	144	6.26
20220528	1950	142	6.25
20220528	2050	142	6.25
20220528	2150	144	6.26
20220528	2250	142	6.25
20220528	2350	140	6.24
20220529	0050	140	6.24
20220529	0150	140	6.24
20220529	0250	140	6.24
20220529	0350	142	6.25
20220529	0450	142	6.25
20220529	0550	142	6.25
20220529	0650	142	6.25
20220529	0750	142	6.25
20220529	0850	140	6.24
20220529	0950	140	6.24
20220529	1050	138	6.23
20220529	1150	138	6.23
20220529	1250	136	6.22
20220529	1350	134	6.21
20220529	1450	134	6.21
20220529	1550	132	6.20
20220529	1650	132	6.20
20220529	1750	130	6.19
20220529	1850	128	6.18
20220529	1950	128	6.18
20220529	2050	126	6.17
20220529	2150	124	6.16
20220529	2250	124	6.16
20220529	2350	122	6.15
20220530	0050	122	6.15
20220530	0150	120	6.14
20220530	0250	120	6.14
20220530	0350	120	6.14
20220530	0450	118	6.13
20220530	0550	118	6.13
20220530	0650	117	6.12
20220530	0750	117	6.12
20220530	0850	117	6.12
20220530	0950	117	6.12
20220530	1050	115	6.11
20220530	1150	115	6.11
20220530	1250	115	6.11
20220530	1350	113	6.10
20220530	1450	113	6.10
20220530	1550	111	6.09
20220530	1650	111	6.09
20220530	1750	109	6.08
20220530	1850	109	6.08
20220530	1950	109	6.08
20220530	2050	108	6.07
20220530	2150	108	6.07
20220530	2250	106	6.06
20220530	2350	106	6.06
20220531	0050	104	6.05
20220531	0150	104	6.05
20220531	0250	104	6.05
20220531	0350	103	6.04
20220531	0450	103	6.04
20220531	0550	101	6.03
20220531	0650	101	6.03
20220531	0750	101	6.03
20220531	0850	101	6.03
20220531	0950	101	6.03
20220531	1050	101	6.03
20220531	1150	101	6.03
20220531	1250	99.2	6.02
20220531	1350	99.2	6.02
20220531	1450	99.2	6.02
20220531	1550	99.2	6.02
20220531	1650	97.6	6.01
20220531	1750	97.6	6.01
20220531	1850	95.9	6.00
20220531	1950	95.9	6.00
20220531	2050	94.3	5.99
20220531	2150	94.3	5.99
20220531	2250	94.3	5.99
20220531	2350	92.8	5.98
20220601	0050	92.8	5.98
20220601	0150	92.8	5.98
20220601	0250	91.2	5.97
20220601	0350	91.2	5.97
20220601	0450	91.2	5.97
20220601	0550	89.7	5.96
20220601	0650	89.7	5.96
20220601	0750	89.7	5.96
20220601	0850	89.7	5.96
20220601	0950	89.7	5.96
20220601	1050	89.7	5.96
20220601	1150	88.1	5.95
20220601	1250	88.1	5.95
20220601	1350	88.1	5.95
20220601	1450	88.1	5.95
20220601	1550	86.6	5.94
20220601	1650	85.1	5.93
20220601	1750	91.2	5.97
20220601	1850	89.7	5.96
20220601	1950	99.2	6.02
20220601	2050	108	6.07
20220601	2150	118	6.13
20220601	2250	124	6.16
20220601	2350	132	6.20
20220602	0050	138	6.23
20220602	0150	140	6.24
20220602	0250	140	6.24
20220602	0350	140	6.24
20220602	0450	140	6.24
20220602	0550	140	6.24
20220602	0650	136	6.24
20220602	0750	142	6.25
20220602	0850	140	6.24
20220602	0950	138	6.23
20220602	1050	136	6.22
20220602	1150	132	6.20
20220602	1250	132	6.20
20220602	1350	132	6.20
20220602	1450	132	6.20
20220602	1550	130	6.19
20220602	1650	130	6.19
20220602	1750	128	6.18
20220602	1850	128	6.18
20220602	1950	126	6.17
20220602	2050	124	6.16
20220602	2150	124	6.16
20220602	2250	122	6.15
20220602	2350	120	6.14
20220603	0050	120	6.14
20220603	0150	118	6.13
20220603	0250	118	6.13
20220603	0350	117	6.12
20220603	0450	117	6.12
20220603	0550	115	6.11
20220603	0650	115	6.11
20220603	0750	115	6.11
20220603	0850	113	6.10
20220603	0950	113	6.10
20220603	1050	111	6.09
20220603	1150	111	6.09
20220603	1250	109	6.08
20220603	1350	109	6.08
20220603	1450	108	6.07
20220603	1550	108	6.07
20220603	1650	106	6.06
20220603	1750	104	6.05
20220603	1850	103	6.04
20220603	1950	103	6.04
20220603	2050	101	6.03
20220603	2150	101	6.03
20220603	2250	99.2	6.02
20220603	2350	97.6	6.01
20220604	0050	97.6	6.01
20220604	0150	95.9	6.00
20220604	0250	94.3	5.99
20220604	0350	94.3	5.99
20220604	0450	92.8	5.98
20220604	0550	92.8	5.98
20220604	0650	91.2	5.97
20220604	0750	91.2	5.97
20220604	0850	89.7	5.96
20220604	0950	89.7	5.96
20220604	1050	89.7	5.96
20220604	1150	88.1	5.95
20220604	1250	88.1	5.95
20220604	1350	88.1	5.95
20220604	1450	86.6	5.94
20220604	1550	86.6	5.94
20220604	1650	85.1	5.93
20220604	1750	85.1	5.93
20220604	1850	83.7	5.92
20220604	1950	83.7	5.92
20220604	2050	82.2	5.91
20220604	2150	82.2	5.91
20220604	2250	80.8	5.90
20220604	2350	80.8	5.90
20220605	0050	79.4	5.89
20220605	0150	79.4	5.89
20220605	0250	78.0	5.88
20220605	0350	78.0	5.88
20220605	0450	76.6	5.87
20220605	0550	76.6	5.87
20220605	0650	78.0	5.88
20220605	0750	76.6	5.87
20220605	0850	76.6	5.87
20220605	0950	76.6	5.87
20220605	1050	76.6	5.87
20220605	1150	76.6	5.87
20220605	1250	76.6	5.87
20220605	1350	76.6	5.87
20220605	1450	76.6	5.87
20220605	1550	76.6	5.87
20220605	1650	75.2	5.86
20220605	1750	75.2	5.86
20220605	1850	75.2	5.86
20220605	1950	75.2	5.86
20220605	2050	73.9	5.85
20220605	2150	73.9	5.85
20220605	2250	73.9	5.85
20220605	2350	73.9	5.85
20220606	0050	72.5	5.84
20220606	0150	72.5	5.84
20220606	0250	72.5	5.84
20220606	0350	71.2	5.83
20220606	0450	71.2	5.83
20220606	0550	71.2	5.83
20220606	0650	71.2	5.83
20220606	0750	71.2	5.83
20220606	0850	71.2	5.83
20220606	0950	71.2	5.83
20220606	1050	69.9	5.82
20220606	1150	69.9	5.82
20220606	1250	69.9	5.82
20220606	1350	69.9	5.82
20220606	1450	69.9	5.82
20220606	1550	69.9	5.82
20220606	1650	69.9	5.82
20220606	1750	68.6	5.81
20220606	1850	68.6	5.81
20220606	1950	68.6	5.81
20220606	2050	67.4	5.80
20220606	2150	67.4	5.80
20220606	2250	67.4	5.80
20220606	2350	67.4	5.80
20220607	0050	66.1	5.79
20220607	0150	67.4	5.80
20220607	0250	66.1	5.79
20220607	0350	66.1	5.79
20220607	0450	66.1	5.79
20220607	0550	66.1	5.79
20220607	0650	64.9	5.78
20220607	0750	64.9	5.78
20220607	0850	64.9	5.78
20220607	0950	64.9	5.78
20220607	1050	64.9	5.78
20220607	1150	64.9	5.78
20220607	1250	63.7	5.77
20220607	1350	63.7	5.77
20220607	1450	63.7	5.77
20220607	1550	64.9	5.78
20220607	1650	64.9	5.78
20220607	1750	66.1	5.79
20220607	1850	67.4	5.80
20220607	1950	68.6	5.81
20220607	2050	69.9	5.82
20220607	2150	71.2	5.83
20220607	2250	72.5	5.84
20220607	2350	73.9	5.85
20220608	0050	76.6	5.87
20220608	0150	80.8	5.90
20220608	0250	83.7	5.92
20220608	0350	86.6	5.94
20220608	0450	88.1	5.95
20220608	0550	89.7	5.96
20220608	0650	89.7	5.96
20220608	0750	91.2	5.97
20220608	0850	91.2	5.97
20220608	0950	92.8	5.98
20220608	1050	92.8	5.98
20220608	1150	94.3	5.99
20220608	1250	95.9	6.00
20220608	1350	95.9	6.00
20220608	1450	95.9	6.00
20220608	1550	95.9	6.00
20220608	1650	94.3	5.99
20220608	1750	94.3	5.99
20220608	1850	92.8	5.98
20220608	1950	91.2	5.97
20220608	2050	89.7	5.96
20220608	2150	89.7	5.96
20220608	2250	88.1	5.95
20220608	2350	86.6	5.94
20220609	0050	85.1	5.93
20220609	0150	86.6	5.94
20220609	0250	91.2	5.97
20220609	0350	99.2	6.02
20220609	0450	108	6.07
20220609	0550	120	6.14
20220609	0650	134	6.21
20220609	0750	153	6.30
20220609	0850	174	6.39
20220609	0950	186	6.44
20220609	1050	191	6.46
20220609	1150	188	6.45
20220609	1250	186	6.44
20220609	1350	184	6.43
20220609	1450	179	6.41
20220609	1550	176	6.40
20220609	1650	176	6.40
20220609	1750	191	6.46
20220609	1850	208	6.53
20220609	1950	213	6.55
20220609	2050	213	6.55
20220609	2150	210	6.54
20220609	2250	205	6.52
20220609	2350	200	6.50
20220610	0050	191	6.46
20220610	0150	186	6.44
20220610	0250	179	6.41
20220610	0350	171	6.38
20220610	0450	167	6.36
20220610	0550	162	6.34
20220610	0650	157	6.32
20220610	0750	153	6.30
20220610	0850	149	6.28
20220610	0950	146	6.27
20220610	1050	142	6.25
20220610	1150	140	6.24
20220610	1250	136	6.22
20220610	1350	134	6.21
20220610	1450	132	6.20
20220610	1550	130	6.19
20220610	1650	126	6.17
20220610	1750	124	6.16
20220610	1850	122	6.15
20220610	1950	118	6.13
20220610	2050	117	6.12
20220610	2150	115	6.11
20220610	2250	113	6.10
20220610	2350	111	6.09
20220611	0050	109	6.08
20220611	0150	108	6.07
20220611	0250	106	6.06
20220611	0350	104	6.05
20220611	0450	103	6.04
20220611	0550	101	6.03
20220611	0650	101	6.03
20220611	0750	99.2	6.02
20220611	0850	97.6	6.01
20220611	0950	97.6	6.01
20220611	1050	95.9	6.00
20220611	1150	95.9	6.00
20220611	1250	94.3	5.99
20220611	1350	94.3	5.99
20220611	1450	92.8	5.98
20220611	1550	92.8	5.98
20220611	1650	91.2	5.97
20220611	1750	91.2	5.97
20220611	1850	89.7	5.96
20220611	1950	88.1	5.95
20220611	2050	88.1	5.95
20220611	2150	86.6	5.94
20220611	2250	86.6	5.94
20220611	2350	85.1	5.93
20220612	0050	83.7	5.92
20220612	0150	83.7	5.92
20220612	0250	82.2	5.91
20220612	0350	82.2	5.91
20220612	0450	82.2	5.91
20220612	0550	80.8	5.90
20220612	0650	80.8	5.90
20220612	0750	80.8	5.90
20220612	0850	79.4	5.89
20220612	0950	79.4	5.89
20220612	1050	79.4	5.89
20220612	1150	79.4	5.89
20220612	1250	79.4	5.89
20220612	1350	78.0	5.88
20220612	1450	79.4	5.89
20220612	1550	79.4	5.89
20220612	1650	79.4	5.89
20220612	1750	79.4	5.89
20220612	1850	79.4	5.89
20220612	1950	79.4	5.89
20220612	2050	79.4	5.89
20220612	2150	79.4	5.89
20220612	2250	78.0	5.88
20220612	2350	78.0	5.88
20220613	0050	76.6	5.87
20220613	0150	76.6	5.87
20220613	0250	75.2	5.86
20220613	0350	75.2	5.86
20220613	0450	75.2	5.86
20220613	0550	73.9	5.85
20220613	0650	73.9	5.85
20220613	0750	73.9	5.85
20220613	0850	73.9	5.85
20220613	0950	73.9	5.85
20220613	1050	73.9	5.85
20220613	1150	73.9	5.85
20220613	1250	75.2	5.86
20220613	1350	75.2	5.86
20220613	1450	75.2	5.86
20220613	1550	75.2	5.86
20220613	1650	75.2	5.86
20220613	1750	73.9	5.85
20220613	1850	73.9	5.85
20220613	1950	73.9	5.85
20220613	2050	73.9	5.85
20220613	2150	73.9	5.85
20220613	2250	72.5	5.84
20220613	2350	72.5	5.84
20220614	0050	72.5	5.84
20220614	0150	71.2	5.83
20220614	0250	69.9	5.82
20220614	0350	69.9	5.82
20220614	0450	68.6	5.81
20220614	0550	68.6	5.81
20220614	0650	68.6	5.81
20220614	0750	68.6	5.81
20220614	0850	68.6	5.81
20220614	0950	68.6	5.81
20220614	1050	68.6	5.81
20220614	1150	68.6	5.81
20220614	1250	68.6	5.81
20220614	1350	67.4	5.80
20220614	1450	67.4	5.80
20220614	1550	67.4	5.80
20220614	1650	67.4	5.80
20220614	1750	67.4	5.80
20220614	1850	66.1	5.79
20220614	1950	66.1	5.79
20220614	2050	66.1	5.79
20220614	2150	64.9	5.78
20220614	2250	64.9	5.78
20220614	2350	64.9	5.78
20220615	0050	63.7	5.77
20220615	0150	63.7	5.77
20220615	0250	63.7	5.77
20220615	0350	62.5	5.76
20220615	0450	62.5	5.76
20220615	0550	62.5	5.76
20220615	0650	62.5	5.76
20220615	0750	61.3	5.75
20220615	0850	61.3	5.75
20220615	0950	62.5	5.76
20220615	1050	61.3	5.75
20220615	1150	61.3	5.75
20220615	1250	61.3	5.75
20220615	1350	61.3	5.75
20220615	1450	61.3	5.75
20220615	1550	61.3	5.75
20220615	1650	61.3	5.75
20220615	1750	61.3	5.75
20220615	1850	60.1	5.74
20220615	1950	60.1	5.74
20220615	2050	60.1	5.74
20220615	2150	60.1	5.74
20220615	2250	58.9	5.73
20220615	2350	58.9	5.73
20220616	0050	58.9	5.73
20220616	0150	58.9	5.73
20220616	0250	58.9	5.73
20220616	0350	57.8	5.72
20220616	0450	57.8	5.72
20220616	0550	57.8	5.72
20220616	0650	57.8	5.72
20220616	0750	56.7	5.71
20220616	0850	56.7	5.71
20220616	0950	56.7	5.71
20220616	1050	56.7	5.71
20220616	1150	55.6	5.70
20220630	1035	26.0	5.51
20220630	1135	26.0	5.51
20220630	1235	26.0	5.51
20220630	1335	26.0	5.51
20220630	1435	26.0	5.51
20220630	1535	25.4	5.50
20220630	1635	25.4	5.50
20220630	1735	25.4	5.50
20220630	1835	25.4	5.50
20220630	1935	24.7	5.49
20220630	2035	24.7	5.49
20220630	2135	24.7	5.49
20220630	2235	24.7	5.49
20220630	2335	24.7	5.49
20220701	0035	24.7	5.49
20220701	0135	24.7	5.49
20220701	0235	24.7	5.49
20220701	0335	24.7	5.49
20220701	0435	24.7	5.49
20220701	0535	24.1	5.48
20220701	0635	24.1	5.48
20220701	0735	24.1	5.48
20220701	0835	24.1	5.48
20220701	0935	24.7	5.49
20220701	1035	24.7	5.49
20220701	1135	24.7	5.49
20220701	1235	24.7	5.49
20220701	1335	24.7	5.49
20220701	1435	24.1	5.48
20220701	1535	24.1	5.48
20220701	1635	24.1	5.48
20220701	1735	24.1	5.48
20220701	1835	23.5	5.47
20220701	1935	23.5	5.47
20220701	2035	23.5	5.47
20220701	2135	23.5	5.47
20220701	2235	24.7	5.49
20220701	2335	27.4	5.53
20220702	0035	30.9	5.58
20220702	0135	35.5	5.64
20220702	0235	1060	8.37
20220702	0335	1170	8.53
20220702	0435	1080	8.40
20220702	0535	974	8.25
20220702	0635	877	8.10
20220702	0735	774	7.93
20220702	0835	695	7.79
20220702	0935	626	7.66
